30
72
0.0662709926529
0.334585683093
0.411075164268
0.455179838186
0.0314025511163
0.0917967646762
0.26815762801
0.782774885974
0.283230662928
0.654410006283
0.377384070928
0.374614370676
0.851229586524
0.73584818265
0.754022818836
0.901503270399
0.622814253695
0.62335609065
0.134808261469
0.198644755025
0.978594177341
0.0837622671734
0.695226010688
0.417495658328
0.247939855428
0.730178208857
0.149610553464
0.326059443545
0.609861680093
0.72463508865
0.859055411891
0.632616674323
0.0642013405715
0.691657976999
0.57213579561
0.207892981909
0.0981357326205
0.717777559364
0.423443761363
0.080664535552
0.672993362693
0.311979354954
0.814935867545
0.0818010098639
0.156383254164
0.20209043621
0.805093330198
0.0117460540544
0.824636355849
0.84210364695
0.630894680302
0.206435260914
0.560559444827
0.505439320322
0.987600919733
0.376651635083
0.371501535796
0.839144499853
0.69135317654
0.595818562213
0.352732785657
0.754029655675
0.349582862719
0.311230277305
0.721135900188
0.525742904966
0.664234329755
0.25371983425
0.54421003977
0.981781730368
0.992800024282
0.12076457362
48.8364726027
0.789387226896
0.649442197557
0.792168144929
0.908029092385
0.318661250771
0.739705676053
0.570282798962
0.764345710947
0.453529075441
0.842063056187
0.970616658153
0.245132444062
0.735244744295
0.205276468388
0.614456114147
0.83924846898
0.505385786969
0.479078503058
0.325998936449
0.644287092412
0.931732126431
0.791808927293
0.365264427533
0.0653062216276
0.104457483204
0.0389889045779
0.293816079041
0.411996332633
0.82763328484
0.257832714929
0.0982967284914
0.269285937417
0.731045068078
0.962696971304
0.196776215534
0.516384554774
0.327321388428
0.316467338838
0.952911538
0.869263177631
0.639375225439
0.012882755609
0.322919507179
0.821572242178
0.023157887636
0.744797149515
0.260361906714
0.858997097128
0.810725421514
0.13337865617
0.503743146289
0.822050971784
0.398617514108
0.993246341069
0.371920418613
0.292305444954
0.406548903026
0.808544413986
0.192326356271
0.877058414639
0.531413280159
0.294953951268
0.987004187831
0.267439564335
0.72159969883
0.922642113556
0.0414553922772
0.944953335374
0.296621479682
0.275148862621
0.981299859411
0.411459391641
45.3154965753
0.637057618035
0.119211183444
0.981748540825
0.817590592301
0.0698066880283
0.0605248003517
0.734888610268
0.864608457203
0.573653251635
0.660443397046
0.799781118384
0.854696137718
0.930146762088
0.888615334308
0.960371148703
0.764688884689
0.944792971871
0.786557869845
0.216210473884
0.218242017177
0.363557838519
0.217168876525
0.030992713304
0.231436391922
0.109683931385
0.575176061834
0.463900987716
0.606821371027
0.465819337132
0.333523684785
0.808768075759
0.85089529108
0.826459065887
0.300696776838
0.366049070528
0.490023432036
0.645698957877
0.463982859352
0.972606536868
0.659793486625
0.205302090003
0.293671162455
0.914308165112
0.842808527754
0.82807768217
0.383189344471
0.846436929773
0.629917477983
0.161572501596
0.300177709789
0.346913744373
0.379883078549
0.157074772352
0.523500928406
0.727332618853
0.652487357882
0.36893057885
0.341197253811
0.726808314046
0.290074599561
0.199172773015
0.584365242868
0.713636499659
0.0225318125542
0.712462381288
0.0719879730902
0.0197664094239
0.470706699145
0.646342509227
0.641694763475
0.033085998627
0.423263122968
48.247859589
0.241804749339
0.641460390561
0.6725195989
0.261974079177
0.51916808703
0.757241809588
0.870938074669
0.410452162551
0.624270305761
0.0515523716089
0.690881480282
0.681317535976
0.869971894553
0.0879735439448
0.698094215998
0.396803399246
0.0979724531466
0.0166041269036
0.217872683514
0.157798958542
0.985939600446
0.495446974151
0.0992254433632
0.136329894476
0.924950377001
0.322733210067
0.611845870289
0.766476331129
0.0922451545865
0.655183950244
0.100897308946
0.70872830396
0.344294042003
0.687209518444
0.0246107322265
0.96277873025
0.555175789395
0.666046166602
0.999694895878
0.00375387584946
0.0252691959135
0.117830292836
0.479558993795
0.81688132683
0.58525701683
0.159610161158
0.690347817546
0.705595454027
0.0204423670741
0.772295119094
0.449789409246
0.748080385692
0.440377630941
0.909542316481
0.493855220004
0.777250474174
0.218805865009
0.317580924966
0.936232765126
0.759168265235
0.128914706928
0.940973857341
0.485610780041
0.444899966658
0.298902780407
0.789316983754
0.0457768780368
0.170808417327
0.612858601633
0.139875853026
0.323527705524
0.682283555905
52.261130137
0.181951985304
0.951159911157
0.0693915975567
0.855910388641
0.510937952182
0.36243421739
0.576163735944
0.195074459153
0.984973133483
0.15416866687
0.0602538031775
0.974004818063
0.301744677717
0.0444247066227
0.550846141525
0.905254488719
0.473911658591
0.696179555551
0.911872406401
0.205618438861
0.0268589784502
0.310587921774
0.621796724178
0.935489049102
0.0167637770133
0.681181223879
0.936213348913
0.486649078984
0.493974336161
0.584004306941
0.0582568166087
0.0935021392456
0.0367014859955
0.378689663175
0.94182460468
0.242740658678
0.980022513247
0.695469150141
0.352612283692
0.856451352946
0.965197564036
0.0831232085236
0.811961178537
0.123658192861
0.434298553218
0.492867583147
0.0485185203343
0.855302875749
0.695150569834
0.473177538914
0.582710106632
0.237662789976
0.181585781817
0.950549581946
0.0690254536742
0.859206488245
0.534009844751
0.471200676364
0.0211154562508
0.885886652295
0.12528080545
0.778704965343
0.544702541774
0.259870564207
0.656900510929
0.6025679873
0.703303326677
0.796708075193
0.450518511887
0.532738396652
0.14176377334
0.0559370718196
49.0398116438
0.0597484712736
0.855057181678
0.592606846953
0.860126448685
0.82729706994
0.222644382714
0.890192669718
0.337356572644
0.0124054108798
0.0382233127178
0.117691178389
0.362137255874
0.11360292933
0.422382274351
0.511867281726
0.26976322161
0.01177379536
0.642773778909
0.750678513975
0.719107074494
0.558535822432
0.879251265796
0.248685192885
0.578849768039
0.234931871858
0.199943320443
0.0852730763497
0.712148574941
0.505433761258
0.623265394733
0.190688517489
0.534742554405
0.492258668615
0.140869022871
0.414886121344
0.221495521812
0.594998040017
0.576528543379
0.10418890095
0.436376517353
0.680558995159
0.155965314777
0.810760934706
0.460877774008
0.468418233756
0.662609437288
0.759892520343
0.595870187286
0.736188442285
0.0542989685424
0.700097833583
0.71189628338
0.970497199269
0.415916645605
0.7610250831
0.82290068815
0.0881783818259
0.122964100497
0.944179166964
0.558398095656
0.852776073737
0.0910735815208
0.871456828794
0.409078737424
0.611360967877
0.98645717086
0.416494314265
0.620851350739
0.97665927646
0.272293502112
0.84382752783
0.612323647152
50.9875856164
0.0794941340901
0.966051982649
0.080864687018
0.790720281983
0.0165395070867
0.982754507973
0.747671481996
0.641238322281
0.118386596956
0.939174683687
0.569568727866
0.964840216495
0.662922748173
0.293974542646
0.797542524388
0.139484261686
0.659022853516
0.698778765099
0.261466909774
0.279792574815
0.325553261344
0.435186395136
0.681139019133
0.17015655858
0.890688181757
0.812720062081
0.860126738326
0.846279872465
0.336538591095
0.402712696864
0.387428861737
0.700158899473
0.714093641207
0.983131753221
0.471947748875
0.983500717148
0.653474562606
0.069340923364
0.534774479211
0.584578564166
0.694501072921
0.905799360854
0.184286509251
0.953524811121
0.0625702818183
0.793698394533
0.199057829183
0.0510614267761
0.514848098837
0.629535751212
0.143581618149
0.195667950052
0.881773137386
0.529627272612
0.241805401265
0.684186955731
0.928873122588
0.415556134362
0.133478705361
0.0608670241451
0.163893797037
0.435559564916
0.138313215749
0.909843211904
0.214240328032
0.0968530639475
0.652955432226
0.0460550165925
0.399731211995
0.983892122224
0.305771824564
0.979601850672
53.042380137
0.125664681714
0.937571437951
0.49444649063
0.528536004698
0.721197613347
0.570361638212
0.931391310797
0.455093120878
0.348036930574
0.99238349678
0.821968604684
0.000360158737898
0.604443513572
0.623419651553
0.300526287996
0.19238086565
0.449548602755
0.965863825686
0.749245528907
0.802698744327
0.0729827066253
0.213607543702
0.624800902584
0.826337521771
0.334817007788
0.571864353263
0.417833049488
0.3602191188
0.400817268228
0.162931540583
0.370233830683
0.755019118855
0.198010236572
0.392889352212
0.575243984121
0.915459735231
0.3155625543
0.654237711607
0.085363280529
0.624040281192
0.975972161566
0.239470438665
0.653073181202
0.763205138816
0.701572202901
0.340586969304
0.729371991775
0.310949226504
0.301347435111
0.00954157254121
0.345122520489
0.984860969648
0.803063132666
0.954630071226
0.500212234186
0.40960276656
0.955706492927
0.047814057694
0.68552591354
0.682828960757
0.927240543916
0.4179826171
0.162730809834
0.214541306342
0.82267054996
0.00515154144008
0.626874302307
0.714881939643
0.64742291792
0.450600051973
0.876794052207
0.205363845072
48.3441780822
0.341036603461
0.197945015121
0.118340660401
0.928538827143
0.506167017598
0.680152663776
0.525412824687
0.0311029753776
0.457902432143
0.467487813632
0.683804993334
0.895439637729
0.218392886777
0.251400583993
0.542867523377
0.994599884321
0.081791595124
0.539350615571
0.499979336487
0.145720479604
0.374508850897
0.935568788941
0.242833074748
0.0368793509122
0.0357784335649
0.882756443593
0.974532757822
0.902388555836
0.643536516265
0.739722097132
0.646503937232
0.22152475044
0.510613069615
0.0699556633188
0.824216355444
0.315697161145
0.476235770351
0.016140171799
0.810719099696
0.719053050334
0.0178464059792
0.635600985756
0.652988259485
0.197520685929
0.30822978228
0.0716925203165
0.656087082616
0.291289811609
0.842955128172
0.43612246373
0.0301386308981
0.255729613466
0.263130002298
0.277213493011
0.295110937795
0.275744190088
0.998466701193
0.509102495132
0.0684146625272
0.828565521042
0.355661161856
0.676877284236
0.86031324871
0.0699839345468
0.677084372193
0.432650820996
0.502145577895
0.119016078816
0.194786273489
0.0975729315945
0.832361128991
0.116010387942
51.479880137
0.204812169625
0.184779526276
0.265367631444
0.929190052591
0.186831631309
0.758279317837
0.868191224416
0.384633486784
0.494079903438
0.502778039987
0.569949109808
0.894692299791
0.238611810474
0.37944016761
0.129134711397
0.359846761133
0.996868164224
0.742588134323
0.483715329985
0.218998772648
0.960554667679
0.792339051004
0.109042298559
0.523202335212
0.157833323413
0.238178925221
0.00857364060711
0.907831517889
0.369826339804
0.0484743803008
0.962409225224
0.338185926573
0.367432535312
0.160921873126
0.658638422184
0.503533674146
0.0934562464631
0.0289344131135
0.332500260926
0.734591847123
0.415048733991
0.878965781899
0.538356085065
0.319444475362
0.0714620878284
0.553772249953
0.679474708439
0.092898001467
0.442115635328
0.816611798352
0.920630072158
0.174274248609
0.759974845533
0.991380834896
0.108511399988
0.728640889584
0.395242736372
0.813688414042
0.324945856486
0.626479415016
0.834363781726
0.367867955624
0.697933700689
0.876790603519
0.979340315735
0.984926463977
0.0954959434851
0.708637488833
0.392361440392
0.976431244922
0.327334505175
0.176125829646
49.4250856164
0.110744432126
0.0793341263525
0.479304869391
0.161822078351
0.657188647232
0.486733177412
0.00570124062014
0.653608849076
0.870341927638
0.339571924555
0.204354201062
0.169977886207
0.180679508094
0.554276073115
0.699540865431
0.208760534965
0.956695423391
0.861327724421
0.557707537662
0.594295708242
0.546406411326
0.929777095013
0.661004868143
0.598035355811
0.639168322816
0.452691735421
0.963635508835
0.707587433805
0.572805025386
0.0685432493038
0.256014269417
0.919196372766
0.211049810605
0.993531512041
0.0617407751525
0.428661046261
0.0162993003682
0.239846387511
0.292384621342
0.595690240864
0.942679853102
0.294866950839
0.285083030003
0.0566956228811
0.774426468502
0.136298203431
0.84795100696
0.861022209638
0.534574196429
0.458245293892
0.938303996731
0.505616334941
0.58896204155
0.983225235656
0.598693039981
0.743131121462
0.0705493693531
0.735116125854
0.775752429705
0.0384694463732
0.249044813784
0.148043864933
0.646859866368
0.548764412984
0.470847681825
0.886206375335
0.0796091151752
0.501797316337
0.294301860622
0.249635317932
0.84909516282
0.847853114713
49.5214041096
0.445262224132
0.0408953144384
0.238011871097
0.0600133962246
0.217973538299
0.767720663771
0.644562137114
0.957886850391
0.946261868737
0.0565895601409
0.823180545927
0.429777232642
0.170038484573
0.152235814899
0.38306852865
0.928288837812
0.122116268197
0.378098072175
0.16954201886
0.614369464826
0.160338618393
0.432706528988
0.153191607974
0.0247908881968
0.770020858237
0.397007153999
0.451855201926
0.13806682598
0.761704140192
0.327623406095
0.110403176908
0.713808407836
0.289221853603
0.311055453157
0.263336036929
0.780517143985
0.313078530728
0.853816890976
0.305194568481
0.146815394578
0.134141251966
0.483508961009
0.693782497949
0.811114339027
0.622643553443
0.435832271067
0.0112016466492
0.144719441947
0.767501831837
0.302536012264
0.907699589527
0.723373425957
0.170944251656
0.515304678798
0.553329807469
0.682236736456
0.11345215193
0.540582285951
0.222424347511
0.469305513155
0.814013951328
0.660334089578
0.635878977163
0.872267058014
0.510691554031
0.213745804126
0.686250840131
0.193792802827
0.986499258259
0.174860322454
0.170668613702
0.450268780533
54.4122431507
0.165595159469
0.941151933667
0.156555165136
0.46896359111
0.404785060025
0.208038040988
0.605162706942
0.758633872342
0.105338871988
0.804328383744
0.877920453333
0.028567267128
0.270119526069
0.363611751852
0.750594776899
0.231062894317
0.631024376284
0.706580208441
0.560261864912
0.00234931474649
0.971739106747
0.8092908057
0.110092875128
0.376940002355
0.270804137569
0.232364805046
0.956951592978
0.650426311221
0.289993532587
0.886124396597
0.706804585469
0.265707945095
0.233006403412
0.00666691502831
0.9429438607
0.597660926883
0.0994708170594
0.217876562473
0.412022021304
0.511243065565
0.359260202068
0.554373623566
0.0928999227855
0.568036926679
0.572122254179
0.32040118579
0.773306828777
0.756230300139
0.577620343078
0.659649358869
0.759313066338
0.619034169032
0.880387418801
0.711016991935
0.34261518405
0.65653817895
0.855692417248
0.225310893357
0.650633607794
0.876003606141
0.400319167112
0.517882549883
0.504422795701
0.365593826084
0.653757796427
0.632202343811
0.909393896259
0.766542283669
0.414708637338
0.589371273072
0.803849902802
0.518757959576
45.4118150685
0.877898634308
0.598570169662
0.690333311265
0.754868341456
0.316210248172
0.103446417997
0.774786275666
0.717699890787
0.333122864969
0.539438174795
0.238523264048
0.576196012791
0.310466699896
0.677036085911
0.26801621599
0.514772524804
0.676489204913
0.425982506656
0.467492197368
0.971110625128
0.619233974046
0.975408220601
0.279343557194
0.897387361059
0.870232150784
0.144906656411
0.0373505843026
0.919943598945
0.183506332879
0.821545610078
0.277716663315
0.272389491667
0.134886980578
0.357816459293
0.932915930556
0.377147448871
0.866641321112
0.805520886422
0.0333534297671
0.950432604106
0.402414754665
0.86059509393
0.541837771181
0.505670783784
0.157484762901
0.393871524999
0.945866283886
0.130353977492
0.269327313285
0.442778082282
0.232722674127
0.411333305465
0.37349576565
0.538974845539
0.872387182793
0.383549486911
0.449812278803
0.246928291032
0.433259238202
0.377200809929
0.363871716579
0.788423010939
0.455692616014
0.638348599694
0.728858054451
0.628010930287
0.208343092904
0.597960186903
0.712673284873
0.894398027935
0.952328604574
0.664389377269
44.7268835616
0.415378824514
0.512768553316
0.338201899687
0.414294419516
0.441949420325
0.923046747138
0.560735699487
0.0569934747417
0.295339555136
0.259096057727
0.896520350964
0.0472575850049
0.214862354654
0.863855862881
0.24937398416
0.721541141923
0.0848809932709
0.0154156847921
0.328565169727
0.832649854821
0.0388126005579
0.739026913259
0.0848480728805
0.857846220844
0.383444667486
0.580052019802
0.0293101114342
0.955392492864
0.468563952211
0.212851279969
0.0600321111517
0.444531148017
0.126897886914
0.760606990976
0.421560962393
0.683902857642
0.309368484316
0.701085189181
0.422194775834
0.223401954024
0.540658742878
0.23333487064
0.534080539585
0.104469401339
0.820091553837
0.980324709727
0.501124274658
0.183823262883
0.592821107025
0.902517275792
0.0797136915245
0.355626670325
0.416336797815
0.297380754381
0.0372533467752
0.547093292458
0.947279632948
0.759838165563
0.0335122984972
0.362530303803
0.87357113593
0.97865408094
0.00978426309706
0.250818853836
0.416854754728
0.243758843847
0.710860271766
0.07133203515
0.0302497674836
0.539510288964
0.964813825607
0.933290352965
51.6725171233
0.916417688975
0.0988929584099
0.345598552984
0.183554691804
0.990941175203
0.293654823331
0.843458366463
0.41785678797
0.916015432129
0.735381500633
0.168150116293
0.390467194536
0.829452120576
0.462507972219
0.309978750197
0.697300752447
0.3939957625
0.0882678046256
0.983644966908
0.107459557753
0.791952648061
0.784579867355
0.579905372818
0.418213432362
0.290132240046
0.976872550261
0.250045139911
0.70841789042
0.000101082492661
0.624845484064
0.748163160711
0.865369608517
0.458749205529
0.964168758995
0.656269703797
0.260099393889
0.654169031223
0.584119641929
0.617196571802
0.44610265428
0.121846780697
0.716156797314
0.200319756371
0.75650736488
0.736166381115
0.608432004014
0.0250945952825
0.674679538048
0.822225869507
0.861239375436
0.767403428294
0.853266192487
0.212966301101
0.598402077114
0.673715752362
0.656675820976
0.876613155835
0.349596546642
0.208060879812
0.101996359923
0.739430242058
0.518614211799
0.456813093929
0.0733506582049
0.328786105519
0.312560708857
0.916289304296
0.684689445238
0.861532934831
0.00699260225808
0.288159203369
0.666021799478
49.1254280822
0.402697966135
0.421991603158
0.907667924559
0.648083118524
0.719487392175
0.484176287162
0.429671195047
0.220440586654
0.455602765737
0.749651314535
0.397482995574
0.638036144695
0.250869908008
0.762894147856
0.31953571424
0.0511669567997
0.431180313873
0.126579271216
0.878852804089
0.133903381936
0.893745058119
0.157339909645
0.900333938095
0.98594444053
0.812661201563
0.00246724626151
0.700852666805
0.182910782826
0.789790698188
0.0925471424507
0.447166573907
0.85007516097
0.0759518002473
0.805034356058
0.146639932473
0.634530393203
0.487422966134
0.213764259214
0.895778861732
0.450794836227
0.642759264247
0.799402059852
0.0115789813037
0.874855352461
0.144921280969
0.995829516967
0.67068557143
0.0616477779367
0.333716527231
0.447469161542
0.681366224589
0.060974893651
0.233553343083
0.852546015641
0.0132960048559
0.406861891672
0.321507305505
0.267286808806
0.710155104115
0.85534934502
0.740700133916
0.746056699968
0.810038995798
0.145723675903
0.58399109613
0.192433492826
0.898681093844
0.660185126395
0.872980915836
0.296219357877
0.92048790763
0.856953224055
51.7688356164
0.857328177318
0.431390048648
0.872386698506
0.351809752785
0.259378232635
0.389981621572
0.00548563571873
0.523079221818
0.0891046082038
0.82691465492
0.159546454037
0.51504683283
0.654362910232
0.290755966333
0.855269607975
0.514813950032
0.39145723048
0.715417833829
0.769391928651
0.177591068278
0.141019054281
0.247794711599
0.217596781064
0.0754282824075
0.494198665693
0.286337451662
0.270236719977
0.0443832553175
0.834169053351
0.605565020599
0.125868645083
0.305126687172
0.697942317286
0.441513718754
0.367601458601
0.231985283646
0.0834985752935
0.413123899776
0.7272562206
0.645422225619
0.327227369552
0.154564188391
0.982338805623
0.502955136563
0.176681571247
0.533493200072
0.610825058791
0.863511552925
0.683643788847
0.330258758409
0.828758452895
0.000221890863123
0.542505272422
0.253034615528
0.635660243017
0.53664991794
0.498957321719
0.163894669686
0.492752124293
0.481460718171
0.453995191214
0.390824684569
0.258991387314
0.0365261635894
0.888234496949
0.000671507325301
0.00991857471354
0.0534678823535
0.231540121699
0.908029789014
0.364317637553
0.0136377266664
51.5761986301
0.802967623673
0.695066200391
0.943688590935
0.406535742507
0.946017139516
0.0172811537121
0.589532670343
0.381665637409
0.984199793019
0.470208020609
0.963449989378
0.548827750369
0.621916600294
0.792049849267
0.155049693369
0.801849519699
0.415649876636
0.277253584585
0.922672619027
0.0407534516585
0.940467142423
0.276021787545
0.191926446357
0.667362591062
0.276837528332
0.654761852501
0.437033359607
0.729343486785
0.442760684245
0.0924727260517
0.56999019976
0.58768666327
0.396208182607
0.0880691274433
0.962541122853
0.982624588474
0.232877426411
0.553643265502
0.225962754898
0.372987141521
0.204258055045
0.868664057818
0.373661850268
0.423994583718
0.181010850314
0.270113849658
0.991585445534
0.518488025041
0.186659142918
0.453562633787
0.0414435160517
0.166597393876
0.626592718789
0.260179767027
0.921744135123
0.188846906259
0.837384224749
0.324683190923
0.411641125272
0.547698033734
0.581418075373
0.559226149458
0.122594219217
0.702529972244
0.111831859266
0.348221407881
0.0828417134813
0.363057611194
0.432770245422
0.329102972193
0.0796856251874
0.51618700263
49.5214041096
0.379951388266
0.634025307168
0.384589348613
0.601308328813
0.146545835366
0.467500054936
0.486087810914
0.709026371887
0.879367933506
0.894970254876
0.455510128943
0.678328482249
0.970379733415
0.717322060669
0.570514765338
0.96719004766
0.668507397917
0.306333960626
0.821437184572
0.171617460974
0.636770107581
0.276063495895
0.92545000921
0.0681285909658
0.0797214662054
0.865171478953
0.473535676217
0.0546707487891
0.0662034084362
0.905183711929
0.835271593994
0.864976158257
0.672412604837
0.249690206359
0.446427796686
0.431354922886
0.570279367969
0.539481902252
0.104377102616
0.770925497489
0.686159060154
0.178624884765
0.896317769678
0.770282653944
0.554835998217
0.396472105454
0.385308650016
0.74360295183
0.993839860838
0.270612598974
0.679116849602
0.639187706433
0.723074593414
0.585758203417
0.00687788101197
0.769443457798
0.55475981603
0.403567777648
0.428568322854
0.939299939122
0.778684728635
0.218408921358
0.302290972913
0.848065545667
0.367774516962
0.574057193244
0.134372506812
0.639720303736
0.628969260285
0.0163328289122
0.437273633381
0.476646339252
45.2191780822
0.924415335906
0.256674961759
0.220311750283
0.0117958462846
0.0879693259848
0.421653339348
0.73819610181
0.634296556731
0.162014425333
0.263417543486
0.122375432918
0.363494706956
0.0795893450596
0.206083708993
0.520198148424
0.266435509192
0.916829720984
0.103058741936
0.366884966067
0.273781118562
0.340722017597
0.580302038935
0.415314075243
0.269166102278
0.877169937723
0.840524705008
0.148618791779
0.326990408492
0.624373324939
0.803326273203
0.200597715181
0.97364983515
0.0365195726195
0.45626892308
0.408937384078
0.347203997573
0.402787529564
0.291889199642
0.126247432601
0.130481799653
0.646663904923
0.705647231837
0.413908247541
0.132624400369
0.0705721755803
0.229813450577
0.743731123237
0.394065683405
0.670813993362
0.478292809531
0.832430918579
0.689950225694
0.647823088604
0.677386501618
0.233911213096
0.306988766078
0.736731679017
0.657491178989
0.314361964017
0.968751175263
0.983249374606
0.180735671502
0.235169660863
0.784396922074
0.589854583853
0.479555206106
0.568639983192
0.0958430446149
0.457298421024
0.881203124198
0.171532955557
0.0983696184527
49.4250856164
0.0464211111149
0.393200101028
0.941410605719
0.109662724238
0.185280897265
0.124720865446
0.0807971177025
0.36229491761
0.446595445925
0.418918417474
0.494151492341
0.194643197196
0.720495753753
0.571185746932
0.942652699461
0.515244474382
0.607592553617
0.0083550526795
0.581797336003
0.415588540662
0.257355221188
0.803834462405
0.506809782912
0.806348537893
0.276803181155
0.403682248368
0.930864860222
0.95204892561
0.334509812899
0.438618549793
0.621122983075
0.779170950731
0.0849188571215
0.496974589043
0.217577819337
0.832695616287
0.0379733224556
0.733579391451
0.0597164449529
0.75608414955
0.999056891485
0.189584003374
0.145992000182
0.169695971138
0.704247825604
0.698223212556
0.85110884614
0.82264416466
0.275885373934
0.251514764141
0.0261202198561
0.893088443108
0.123448677878
0.702896082598
0.106338393453
0.311965619808
0.914748177776
0.680798487553
0.852057327403
0.985157577262
0.242429517775
0.588158914597
0.347087827189
0.789096733415
0.61078995538
0.562869133194
0.880105201984
0.214809013154
0.367907263956
0.274162465354
0.333809417345
0.535394316295
49.4250856164
0.208081141666
0.429938004995
0.70689775498
0.37194448492
0.869587116768
0.870022335915
0.393849965813
0.532898774125
0.652742952844
0.12036875035
0.847525928985
0.00183681910933
0.383287557093
0.28319396975
0.249575805488
0.948709105999
0.446072385365
0.138052360677
0.813662697431
0.639504937253
0.51406534829
0.328847655697
0.34649780081
0.119357904003
0.597667217967
0.51178217095
0.691688065237
0.544088853282
0.039340533798
0.339243525314
0.681396347286
0.0351863554824
0.0785510097955
0.154628859431
0.220814068427
0.933224676097
0.612021439496
0.27310655417
0.130446371211
0.324719240557
0.774298102449
0.723315449265
0.371209774785
0.717419607395
0.963629671305
0.325001561683
0.277342331245
0.739039933148
0.938158617277
0.97759230615
0.422126282646
0.734426943423
0.607425116719
0.0347082107471
0.741423216489
0.136165400558
0.144183457423
0.639612139932
0.540021721962
0.483621073621
0.0415309448898
0.896596008816
0.00579754682497
0.965421205319
0.740349308428
0.753305004755
0.85668625392
0.360372481551
0.452058606502
0.468999305468
0.745468375115
0.251816501479
51.1802226027
0.801683635316
0.543753297758
0.0473670703555
0.390422744372
0.91623283262
0.98359229596
0.655458283416
0.0804190389213
0.583389685264
0.776566760469
0.40889339585
0.464259532938
0.105516635391
0.454764017557
0.778934386415
0.580730160472
0.473971486753
0.617257477505
0.437801484665
0.0714916116853
0.488736309779
0.288993352678
0.335333329298
0.411059802102
0.448358849342
0.990614877957
0.908459623254
0.53522383956
0.0352064301405
0.394224026869
0.0484862891226
0.742901494568
0.0210323636507
0.440080733686
0.451193128433
0.746432168252
0.417854853613
0.789239609474
0.974743974332
0.745307361549
0.699148402372
0.48712416153
0.630409349482
0.398338643533
0.71634771751
0.713038513266
0.831101623241
0.569263120883
0.935664118188
0.490616621186
0.522722665902
0.720786405559
0.62021444065
0.234208995107
0.823324006856
0.832063084346
0.582462445608
0.00620691618207
0.795079489101
0.714614687317
0.131972723229
0.360304156001
0.974070426944
0.601685156828
0.843477100948
0.645696194643
0.282883260982
0.886033816163
0.77025354732
0.6472169401
0.951019716376
0.881165837767
46.1930650685
0.72781758087
0.436412946967
0.0681194556227
0.481000212685
0.272926174683
0.308555135165
0.394995239261
0.592975219491
0.00289416359857
0.680588008651
0.0574805778689
0.219591391829
0.800223150155
0.825016373643
0.748089891702
0.0633919886575
0.647542909521
0.314729557968
0.0604911637742
0.53038096217
0.637865298225
0.0537631302363
0.581791099867
0.00687842583568
0.80515065869
0.768998117969
0.367632780842
0.28481362539
0.400186725592
0.837797725453
0.425105821982
0.0104554048783
0.236780033079
0.326581554157
0.828469027641
0.0315801776145
0.733259820216
0.115337321117
0.0926855472299
0.518077393742
0.274294436557
0.983070077315
0.429770533639
0.730992508888
0.518020250583
0.529188925153
0.5129512965
0.315007453449
0.273483053428
0.805831240357
0.373639960462
0.989358602034
0.573391967224
0.536124387512
0.0562186208786
0.512192239731
0.567185849651
0.793384941157
0.655637000492
0.793357534196
0.859412201569
0.0162554024786
0.36282260405
0.0306370011657
0.918418572198
0.234778420631
0.142903376895
0.744414476519
0.18035646582
0.382408508723
0.671242859957
0.585780581236
50.9875856164
0.473497749036
0.568961264335
0.152287845097
0.793075693633
0.387863554686
0.189500087485
0.646228533971
0.171870415636
0.215165690142
0.744160400545
0.528471191166
0.473383543743
0.0840605427858
0.243911364682
0.706923303021
0.0463375351583
0.915715486655
0.0772551014407
0.222091232052
0.637251479349
0.824687787206
0.212863409514
0.854990375116
0.214171563829
0.590116009825
0.613151984077
0.367867816857
0.688839046103
0.822223924906
0.733792135329
0.00273748906442
0.412295719313
0.449136913474
0.98416000785
0.86272782542
0.318926883527
0.149010874858
0.0237232982279
0.801241916469
0.593941813114
0.352473632112
0.769365476296
0.443930168354
0.73929172552
0.440378837935
0.988647499996
0.968475458146
0.91302525057
0.761872381752
0.354007037037
0.267190788517
0.417081398596
0.097771294921
0.832895183814
0.117429446943
0.208520030223
0.194255158851
0.28885068151
0.984807659813
0.309189824049
0.991870009284
0.168511638022
0.0842397478757
0.988833745884
0.174844742359
0.149564744501
0.323785786185
0.596632016603
0.665720023955
0.624631995127
0.756311756405
0.916182583111
50.2063356164
0.690289691841
0.896094905117
0.163962204543
0.918919084507
0.037854664509
0.956856230203
0.400445398574
0.790966322506
0.141789347458
0.732039185077
0.116130982108
0.108433229428
0.605420538009
0.656624162375
0.490960132999
0.036143337857
0.798218832215
0.464022950927
0.600168217687
0.424802748196
0.147302531232
0.0605904548679
0.0378199485287
0.681605597774
0.749254048646
0.361073912736
0.42315704067
0.289277029809
0.92724881406
0.959999615257
0.414758366238
0.848553663004
0.358496681469
0.513997124255
0.857512612716
0.519101558002
0.396995835636
0.710060993037
0.6874034375
0.733871688904
0.216599196751
0.694749982849
0.219107125511
0.061892909489
0.399393328165
0.839323783174
0.44140274515
0.0945024243946
0.594389841672
0.715817229652
0.945394803695
0.230013755711
0.871529304317
0.159052023264
0.110548403625
0.231822212788
0.3959976441
0.289585949507
0.173536900968
0.434947861072
0.0478550573077
0.372599595846
0.804902058893
0.476015990331
0.611977414015
0.387720571525
0.818526704668
0.421675083867
0.163310163256
0.184785225971
0.638919886931
0.170452287025
50.0136986301
0.272434741837
0.100537867792
0.15131453105
0.00304637616626
0.656447478375
0.911267483518
0.559577596139
0.156058227242
0.900151000264
0.996381955167
0.876932729863
0.294158784328
0.872558140091
0.587919780762
0.674495425819
0.755694528888
0.463708341779
0.980999292745
0.712620680049
0.446730447652
0.266796567122
0.580205375103
0.0800631461064
0.25853050278
0.830614701722
0.656913684487
0.465949793073
0.88347559971
0.107305460188
0.692552367046
0.189565059342
0.904419055116
0.720428795386
0.182801277918
0.612948511515
0.032479567001
0.678340800852
0.777728700866
0.56130499835
0.36827168396
0.15788511985
0.632865564693
0.376227308686
0.561573771526
0.983396851398
0.846217164653
0.22673132699
0.744433482951
0.426018953965
0.856212379299
0.303103689695
0.11271072696
0.94833115574
0.675590390153
0.51856194132
0.0310581377836
0.519291356886
0.836224900438
0.343727190655
0.536339042464
0.124489538889
0.91988585322
0.398909267668
0.114482929512
0.0967141692926
0.549938650563
0.42920437892
0.62577841969
0.891831108271
0.718980872835
0.287405264217
0.253603731852
50.3026541096
0.934975013989
0.327416496021
0.549723853118
0.351594654523
0.162053250309
0.807967612388
0.389326420308
0.0642500124206
0.881562293405
0.711123646996
0.33268124298
0.595974636976
0.581716635039
0.126528078277
0.523718756374
0.00355983292831
0.307890192267
0.815302656834
0.120804209778
0.387101350046
0.235370211866
0.928309122018
0.451522824075
0.354354848766
0.0624236767438
0.185348422809
0.550277446158
0.633528871258
0.848676212948
0.390297436782
0.703698706638
0.709515308789
0.923803494228
0.157183186682
0.628867675344
0.358557371105
0.491535150183
0.722194561567
0.909351018167
0.956355055723
0.553971172073
0.716631533408
0.314048652201
0.434608114597
0.781210818185
0.775791877735
0.623853903987
0.760996525956
0.951294020677
0.858795391285
0.591126163269
0.817598460114
0.585455291681
0.154345610708
0.65697604119
0.552745749936
0.403690130151
0.447429032715
0.0513630253475
0.281316859298
0.225633927248
0.821951830633
0.901005637738
0.00846735155559
0.941753373405
0.574314074362
0.97010408801
0.651797858802
0.179850362781
0.212921449537
0.658875432603
0.0369595489617
48.9327910959
0.291878402819
0.418634475847
0.884901230123
0.5416970977
0.286071517157
0.841155225293
0.472287696516
0.263329153524
0.32938565374
0.60635154114
0.673638363181
0.584666309654
0.445252590531
0.409518757538
0.449839231278
0.0133665702361
0.0316463415642
0.0695789172601
0.132656429483
0.169728321559
0.824462064417
0.41921749123
0.095146369694
0.797920798747
0.931207463995
0.405957596078
0.0548784029897
0.675652054883
0.560006701153
0.279171714209
0.634969976527
0.297274430871
0.0689167981321
0.738030912194
0.807934288735
0.205327523491
0.960556545226
0.915391558694
0.847340446781
0.845518654096
0.447047904784
0.0726195439065
0.412286122034
0.820140836633
0.21026992108
0.880351999672
0.389682707072
0.414928247858
0.982425124324
0.160196514401
0.119352970787
0.27434919553
0.571918436097
0.962367856807
0.626941215971
0.100336586632
0.959548578528
0.854262189827
0.489635933858
0.249455896775
0.0900119771621
0.294968792825
0.95970496249
0.103510638276
0.983719170965
0.970719279657
0.970843140902
0.0885853297443
0.79392371406
0.966274315425
0.652332466831
0.217525964227
50.3026541096
