50
44
0.757508494738
0.349216157249
0.277720492913
0.523377543066
0.640780822173
0.134287045858
0.0386948776591
0.0235858536423
0.793261223335
0.547294655575
0.144416925091
0.940849652437
0.345345587147
0.60442665384
0.518449638719
0.670857948994
0.359100945908
0.116884136155
0.469396304999
0.764420604183
0.361956880112
0.291955845085
0.494123150333
0.337136296229
0.575709425616
0.420029887637
0.338794496516
0.252497991186
0.465837479296
0.522542955104
0.942720417788
0.953435910794
0.236131705907
0.835867041601
0.890016895621
0.81729800055
0.893635944367
0.00613366207361
0.994078476858
0.909267900421
0.508901112457
0.869995573429
0.639863428458
0.00922041153916
51.8671497585
0.296551615588
0.696325989262
0.508991394868
0.787014467501
0.141164251196
0.763855302556
0.312653553336
0.00122359907305
0.193459615657
0.149745301871
0.157335270727
0.596303907935
0.161806010242
0.604100892104
0.168351259618
0.573199530834
0.924035848034
0.385419310695
0.996193234754
0.508385611442
0.0845745583414
0.931976849132
0.83069006807
0.596348767881
0.101881996305
0.244153068967
0.54798044706
0.0905050612428
0.611206345978
0.852692523858
0.615298029755
0.0175554654633
0.567650527462
0.247903974363
0.378569100674
0.0402788347731
0.834551104223
0.644797110731
0.357822728025
0.343762373228
0.842169687965
0.959156768327
0.175413419099
0.420069602957
51.2874396135
0.941696845849
0.869554648069
0.742056277421
0.626345833556
0.0795685057857
0.840298535184
0.325674657379
0.391361130097
0.417094864589
0.980319017483
0.128060322773
0.945490783005
0.520401791419
0.612993703943
0.994346101713
0.449133274797
0.745684736251
0.431908944334
0.880291041816
0.394565751473
0.444775134974
0.117559046999
0.702378068875
0.156236989022
0.616019316738
0.289982998398
0.195724141399
0.564497863641
0.625469908842
0.672338681107
0.404802907891
0.377769319031
0.623389743992
0.340414592671
0.431979861754
0.5281478369
0.28106826602
0.933079065675
0.0688599986309
0.0154484040168
0.472950436836
0.698666984038
0.93544797312
0.324684982788
46.7946859903
0.529078141539
0.252304004144
0.752120752664
0.241988477863
0.68284409568
0.919168272901
0.369412776701
0.943962206988
0.339058250794
0.538689644764
0.180613611434
0.235474867378
0.787326701776
0.604686403431
0.542178106252
0.810891007874
0.985743091383
0.616439478261
0.826949049594
0.413738993633
0.0398925175124
0.515704164029
0.735192325735
0.769816478567
0.00216794060633
0.0846593394294
0.488444571119
0.168733371026
0.616399087732
0.179794186335
0.531173330485
0.568892305486
0.632793859374
0.676732407697
0.365249712637
0.100906608202
0.318192236723
0.000993946101927
0.142233547348
0.844455769169
0.786632687644
0.119694204585
0.638471041604
0.753578407535
51.577294686
0.775231071602
0.869180763034
0.238004934607
0.605402743228
0.490372047496
0.493607597164
0.548297156341
0.847314564395
0.149212979308
0.269446799177
0.273763981295
0.217562695589
0.841500342705
0.0909377946894
0.972123687091
0.0143019682787
0.336698629567
0.891474062479
0.31855670795
0.888073688274
0.461431757272
0.775927351642
0.502678294408
0.032723603318
0.6722369723
0.738909402702
0.383323666332
0.649757375743
0.44863125747
0.84397116478
0.0261456710394
0.561133546521
0.131490238531
0.738739514563
0.24902493936
0.845494007575
0.831739590381
0.380991475348
0.800292541138
0.372831968279
0.0343589414984
0.850665936132
0.794765141655
0.11259742598
49.3550724638
0.522698283877
0.122812868612
0.0325926584326
0.0902401334979
0.248106875094
0.676480049081
0.825918418231
0.86719006848
0.769874648043
0.814537273591
0.958351810393
0.419275400868
0.89048611456
0.569438079141
0.40225344587
0.288577964183
0.111186773096
0.0699189617587
0.418832813097
0.88372622234
0.532862015754
0.243636095531
0.666058433051
0.803625738114
0.827228532049
0.730739550501
0.93938051622
0.0596271432251
0.903338217084
0.883385011825
0.170266118437
0.0711316070813
0.894394577384
0.726182998924
0.307546798732
0.309633804147
0.0898816367051
0.752585584143
0.706578773272
0.466202383588
0.438005343726
0.432210610892
0.651215572645
0.0173979378377
53.0265700483
0.243447475702
0.304103413257
0.633593198639
0.0646284721127
0.685432047401
0.53093603415
0.0167277795332
0.321942371915
0.781104215278
0.789143944019
0.704925727856
0.1272588722
0.419221684975
0.370000259638
0.447006393874
0.352036026917
0.0891586174625
0.366627463757
0.397337224964
0.0843761763884
0.930222035304
0.821946622678
0.55968141998
0.960568917846
0.726280727258
0.712564104997
0.738858085896
0.0200715712355
0.470706657235
0.643595801466
0.625214894095
0.958927152609
0.1266288688
0.129428842624
0.636913236959
0.656619837313
0.207499892071
0.335420818672
0.145025883395
0.851367933561
0.802974649571
0.15553649661
0.706447136414
0.838854348168
54.4758454106
0.675101862102
0.500922040755
0.929615487263
0.0693945563685
0.0498279561494
0.674416729993
0.598048773375
0.518542071553
0.728813470177
0.706002177496
0.676691834629
0.706131411542
0.146561958422
0.524189049129
0.826076668563
0.238758569216
0.997861401124
0.838341282561
0.0492950868996
0.750698981651
0.0605381061573
0.606937804976
0.0967838731994
0.11826299648
0.8385231205
0.966771753438
0.253922436957
0.822588844099
0.650231131155
0.498087191694
0.136442971006
0.335873102442
0.787251875595
0.700653331178
0.118653107949
0.406038669571
0.368354045472
0.555776247518
0.0194710758595
0.114840229555
0.513801694594
0.0492481007444
0.671273355184
0.584407223164
53.7995169082
0.46498314357
0.530233854181
0.996554833783
0.207224314652
0.274352387173
0.781095491579
0.217401464094
0.274549362829
0.690683000541
0.673153737372
0.822775420607
0.878268888117
0.86463454448
0.283387275064
0.918612752955
0.961191041326
0.499631472604
0.347069466164
0.585733544789
0.390776073256
0.0730545376729
0.921342568387
0.870564569613
0.931304303848
0.752744697811
0.134729453884
0.0336744454828
0.989481588768
0.633819521201
0.897582830766
0.681121294202
0.0084822899697
0.920802094888
0.448471957537
0.403612893707
0.385429745233
0.680062428863
0.611506866078
0.548479337937
0.787314234161
0.787571363942
0.639600077442
0.749458190829
0.740348448817
42.7367149758
0.696966976681
0.518665821971
0.839292143352
0.367760462373
0.652933486541
0.607756757894
0.770139169732
0.151024197756
0.974892661844
0.490138189604
0.166795183508
0.589527396263
0.0360077251829
0.910299787208
0.137729194538
0.633677085658
0.562499762279
0.671904803997
0.968930964293
0.766442550197
0.878276624614
0.371676796735
0.325571161364
0.608335798392
0.719874338078
0.84422384377
0.586474020742
0.920829532583
0.246711008818
0.192800262557
0.936402496803
0.883212616566
0.871653229824
0.281005831086
0.841155920991
0.517883045347
0.536894985231
0.560422504086
0.530480158269
0.139078413659
0.0601490591901
0.109188632619
0.113790263003
0.700043884861
51.9154589372
0.176150940897
0.756510684113
0.953705635781
0.913637658493
0.898475230577
0.168112458265
0.922397677702
0.0213739401749
0.826664545449
0.767621809468
0.165749949006
0.0859034113009
0.0236709271655
0.368894861698
0.000330824870753
0.681931195597
0.0886097480909
0.394277730654
0.568178650692
0.860572328681
0.049826115856
0.553805740313
0.874399398349
0.262144727275
0.7032737814
0.860340142512
0.832576823299
0.252399658423
0.021206543324
0.855642335377
0.942995120695
0.957189707015
0.256182157075
0.922385582616
0.228674080783
0.0705742440478
0.365378738066
0.557104231554
0.0542167467289
0.311362398451
0.380223669734
0.479080432758
0.452469569352
0.403093522115
51.6256038647
0.346335009349
0.450168357882
0.583995063565
0.452455160861
0.45877539432
0.680555919001
0.954356965537
0.601138522631
0.0176184480151
0.695463986889
0.0142178875453
0.826131446162
0.828827687416
0.537783110271
0.767249476947
0.763448869659
0.67544792667
0.181647734326
0.0108550679915
0.430300799842
0.484109186302
0.0319479196464
0.834704843229
0.720697780903
0.811843098011
0.384778560764
0.00208348454994
0.549493862077
0.278211810275
0.723826104608
0.839050334759
0.519867067906
0.567749396667
0.727692769675
0.256412048464
0.989237366187
0.627715759704
0.863158265019
0.529507753192
0.408622136043
0.686163038764
0.439379008203
0.460806701988
0.810429138932
46.4082125604
0.715314515696
0.998024845442
0.550318431802
0.31968698431
0.965256021291
0.914353268133
0.79881541883
0.563713101437
0.192939840802
0.0842211335314
0.768868234792
0.855219205729
0.211501122074
0.572033883774
0.528693203567
0.023854268259
0.384886779516
0.0946322619374
0.103812557222
0.77118498631
0.69279690162
0.21611653417
0.0615270925008
0.424113748305
0.990938656907
0.128608205874
0.853201326801
0.961734106696
0.0915926997928
0.893949242212
0.539361153486
0.190623743073
0.289492078711
0.0213387846103
0.522604000505
0.94357494071
0.958013639715
0.255907373143
0.913321484723
0.176762548814
0.840681933679
0.453228661512
0.153234568022
0.840349456177
52.3502415459
0.662985623622
0.414768637795
0.521741215821
0.397529555183
0.689506389951
0.559272343058
0.150076550028
0.867008214709
0.851360336763
0.305088089439
0.168285508244
0.263920245335
0.0689518978173
0.0384291797104
0.61000799832
0.314185371287
0.395040244493
0.542573125791
0.700076554725
0.317301196643
0.603118189394
0.762998366578
0.149926495335
0.0325736752846
0.846103594522
0.78345848792
0.0858185780589
0.463785079965
0.0103432764342
0.887993940985
0.234874155935
0.41729946964
0.389929414422
0.583881260603
0.993922834229
0.708605659953
0.306328453716
0.460519784786
0.00616262527437
0.892297690637
0.298322514288
0.759255872887
0.870632608315
0.390492794731
51.9154589372
0.507263296028
0.529144624001
0.609498080583
0.894686868318
0.88263848507
0.243649096794
0.51814821803
0.916047437029
0.832950659906
0.753277027825
0.0231062290354
0.359144126679
0.946908698343
0.449155049118
0.172752012104
0.994116632213
0.409931682685
0.512540409087
0.385857310771
0.702280184078
0.74096530753
0.125270189303
0.0829333705239
0.370168519825
0.474610783821
0.516148024917
0.825391095938
0.307014351372
0.413566247265
0.718268321658
0.587513704561
0.0606673336838
0.0763806631173
0.912277975962
0.786241886065
0.506949534383
0.96552023378
0.230575592818
0.693771456189
0.087448400947
0.280747302458
0.897448206225
0.857963514403
0.0707472316282
52.2536231884
0.702811763446
0.580145494786
0.155567098939
0.712093142621
0.87245496445
0.82589150394
0.103254344823
0.18650253637
0.189726114817
0.459833861984
0.0514681381386
0.170304072625
0.558611192505
0.818930500991
0.886082273808
0.946119135171
0.701974347989
0.696773873464
0.86287411012
0.906279800368
0.671811812369
0.874352672964
0.199809726876
0.329684307469
0.179818302933
0.1117510512
0.0521415812179
0.307090026919
0.37326593014
0.475785338982
0.495318663045
0.689843928261
0.681195602568
0.878578262301
0.140709151106
0.937050549235
0.3559209338
0.702070662576
0.00913557084654
0.736177464785
0.334844649442
0.383470715648
0.287222449321
0.272098255922
55.2487922705
0.0475874920572
0.836640650286
0.591556471551
0.0195729783817
0.793429628808
0.58442096576
0.365659136942
0.934166131461
0.314064555465
0.476892152532
0.0347719160052
0.916602125304
0.186665505714
0.870573909847
0.543453906421
0.42555825197
0.662264355266
0.143561863865
0.900991988275
0.113895153208
0.57444302808
0.421601788781
0.359623481202
0.363324789015
0.943337404093
0.3901013226
0.850571301651
0.592515906098
0.899953723791
0.0670791878642
0.302891616369
0.213637007023
0.555797495643
0.412051910239
0.470134001885
0.112336819572
0.44281490212
0.645858036155
0.889814098267
0.52616226462
0.14864670538
0.156419852347
0.600698766081
0.196413924533
49.7898550725
0.772194654534
0.865442605581
0.242903743505
0.668439013694
0.824500390203
0.931051218801
0.165803801802
0.615361844909
0.199936852407
0.661364512325
0.168755401461
0.0602517999026
0.842712187091
0.514006921768
0.499631848858
0.371728798062
0.733686149889
0.0565577163595
0.736170952047
0.908006263806
0.822499015242
0.762937718852
0.175135177167
0.184371595813
0.530012980788
0.520733522001
0.354284305737
0.439104137658
0.446066074723
0.724459210244
0.332160588957
0.472830643607
0.847538561444
0.829755576204
0.350686405465
0.636318249425
0.661731847369
0.243526840217
0.505574417044
0.841704940305
0.500059888439
0.425014869951
0.0495502245817
0.472167519582
52.2536231884
0.38705309543
0.072810897168
0.953387525792
0.0650270781748
0.809674740638
0.272804738601
0.349755768343
0.643291963064
0.711949863299
0.482071513043
0.484880310218
0.570638244742
0.059906676902
0.223695860802
0.803015072696
0.804827688129
0.601830475746
0.367533662974
0.788727697776
0.42456321948
0.44883003896
0.871911259262
0.191997204521
0.304781896654
0.100716539235
0.861262166763
0.261124145813
0.815385376906
0.54219494829
0.914701299654
0.608453263314
0.418407885065
0.0343679417998
0.440536686867
0.333908644177
0.0386216840866
0.226552308165
0.0117186917972
0.0313413781243
0.0825800425714
0.213407852309
0.537226730714
0.302689713085
0.981097703739
55.9251207729
0.162378803428
0.144393490221
0.404951710887
0.130168852916
0.136447720752
0.647166648681
0.654970404497
0.105322589676
0.73720190006
0.475308092042
0.21703145336
0.0244158930246
0.193212278733
0.939530635175
0.898273301216
0.933864092374
0.51872484454
0.707572238346
0.576909829635
0.0933088339319
0.367664538941
0.366207727848
0.888265517441
0.0337235531909
0.207951665476
0.944198014139
0.793623094309
0.263956440256
0.441130795233
0.271176809091
0.656883698694
0.500710909927
0.092312172559
0.0474748476604
0.454039533344
0.296963570296
0.695425622918
0.499881604427
0.740459021952
0.943819692282
0.99878695695
0.498344512396
0.000984464306791
0.520806176337
54.5241545894
0.115976878024
0.0086056827603
0.00784219475787
0.969602024117
0.747032389819
0.755776123921
0.811365236398
0.0662063039181
0.094950698821
0.973847458075
0.988528457413
0.166543623036
0.102505624802
0.116141141906
0.774296228628
0.600507093376
0.634376504255
0.401695185972
0.700782579194
0.589438801409
0.229589596951
0.0725883706773
0.369223852329
0.562047777464
0.0492719938251
0.23720196784
0.979763862616
0.743765463894
0.644718021886
0.17441895751
0.24405155015
0.89453868372
0.170768149733
0.973760748218
0.30565114006
0.0700601092829
0.669500396398
0.386461393602
0.293264795681
0.2814362325
0.0492342342826
0.76247931443
0.131767776383
0.928292831324
56.4082125604
0.383846998839
0.948446514011
0.23605609369
0.880317939343
0.157402791614
0.0215552984826
0.7127066672
0.0822423152034
0.0790938889003
0.734382496984
0.694449980564
0.557257411766
0.0934946467555
0.545651176704
0.432455238599
0.683870842497
0.211127907591
0.111929865135
0.771428023318
0.621199352458
0.784343906536
0.115269267514
0.632520449143
0.757699286412
0.85351167701
0.301776485177
0.129053820444
0.058334556898
0.188522957809
0.606126734771
0.940053787936
0.185182114674
0.65060859992
0.237012566631
0.566598002567
0.266474915313
0.499467470424
0.598530584728
0.0959762749658
0.18908238931
0.270707861166
0.922505663623
0.0986632300017
0.289428410705
57.4710144928
0.848601394218
0.486752668131
0.283103462891
0.317846765407
0.359149426836
0.294275672762
0.533309195877
0.5513741204
0.508461960336
0.0884046792418
0.954270434494
0.929980492138
0.99144904403
0.578869836178
0.550177623279
0.0912372148972
0.595824681934
0.753813156704
0.160456803228
0.178422411512
0.626423240432
0.152737738162
0.278617267146
0.297063959419
0.274828352613
0.97539448173
0.378911715623
0.494919961057
0.559314326148
0.901606308203
0.375808913882
0.14039671194
0.460100047946
0.497029879801
0.84127884812
0.574404170508
0.874915392034
0.0798548176283
0.60489038077
0.91064892514
0.0198801239103
0.923440420916
0.361721408237
0.859364664071
51.5289855072
0.90069530988
0.66988988388
0.913081516423
0.449480144027
0.479147218831
0.829562017571
0.665047135944
0.524224659179
0.159923732812
0.241520465917
0.00980920019033
0.885171009127
0.222743250987
0.369920426667
0.214833301115
0.959715967928
0.824796096297
0.311332868075
0.444832344257
0.866998253282
0.198498420965
0.388006249137
0.541551706139
0.757253995012
0.669558615235
0.202065737536
0.186366890168
0.299609703601
0.120356210091
0.0256499289641
0.0706936833741
0.193312739568
0.523633287039
0.401985065712
0.699210812161
0.577399281558
0.171498381138
0.832396754873
0.450895097759
0.213799794758
0.224742889963
0.424259187363
0.522869114514
0.31888200123
46.1183574879
0.20746997799
0.374881857695
0.382061344263
0.91843134715
0.0720359837002
0.166333781158
0.349678833648
0.601068971461
0.459304325938
0.346205213716
0.943492350092
0.545107176287
0.779211909366
0.769306870029
0.602934037118
0.693842394098
0.736648031349
0.175306642035
0.422007572546
0.954285656962
0.927645788445
0.977303819669
0.515010823243
0.294330564915
0.130885981543
0.136340805851
0.640071001634
0.613358756315
0.919513524424
0.996852340123
0.705492322159
0.261282873913
0.218266346116
0.958052212302
0.783916157528
0.0810270361006
0.430916801739
0.856257485114
0.259293694622
0.849444804598
0.763025575167
0.933150211269
0.731671091937
0.991674652267
42.7850241546
0.365008086582
0.264976651983
0.304787133481
0.44393293345
0.920513399791
0.527683997279
0.881483388032
0.539744352679
0.305115625854
0.972994582664
0.091926862058
0.794609932091
0.940317832787
0.490417608728
0.479645159759
0.464112480828
0.467868447963
0.630198361147
0.570374135629
0.750459564694
0.369390167914
0.462204927304
0.448718053008
0.532463973142
0.156321362191
0.145752416518
0.467622239801
0.493961689732
0.755169981005
0.0853646784442
0.715658244507
0.525667359804
0.713079959914
0.547473521664
0.867121492405
0.275467259457
0.848710127991
0.613055432003
0.0399414417499
0.722149764951
0.973425612721
0.341205792177
0.28640424146
0.647573319997
48.9202898551
0.307801746425
0.0186506002287
0.341687884788
0.88227190626
0.218440473636
0.370195688367
0.255209867482
0.199498010416
0.900099255982
0.605113440909
0.52978734368
0.732703095139
0.628132478128
0.174467013755
0.393609781446
0.791455564882
0.206245355859
0.114372053696
0.830024120275
0.950796237142
0.234560341205
0.850195916255
0.990132425855
0.289031309661
0.822996028573
0.336694383667
0.613202047322
0.648962830927
0.374958560491
0.409085886256
0.0798882735292
0.797556666521
0.0663455357118
0.220063218472
0.723269489427
0.359047969486
0.644862414138
0.637742759458
0.0226948303264
0.396484149318
0.174651422144
0.479551190243
0.305444341745
0.516705339522
45.0072463768
0.351232961431
0.457049714124
0.581201632281
0.373762366982
0.011759512597
0.706695774396
0.134339031353
0.44577222103
0.46558204359
0.781542273095
0.499015246258
0.960211021756
0.270128913801
0.9788742903
0.442085516356
0.842644488321
0.0770972823111
0.878783302279
0.578824271221
0.563895908883
0.173957013131
0.968678900906
0.246460285605
0.760651608777
0.345767081392
0.228738011421
0.260524336822
0.504503918554
0.682304479929
0.553291612999
0.17900935987
0.0944316438789
0.955505625274
0.88314895508
0.69934310467
0.247718033949
0.192220263728
0.923859277656
0.813173291143
0.564306249609
0.0672778790163
0.324911029678
0.343965266508
0.139592332357
49.7415458937
0.741866596815
0.194868588435
0.492412161751
0.200655674179
0.772224590967
0.827446477364
0.0146575463065
0.640926984869
0.713643991217
0.513521084308
0.658330586545
0.328293760908
0.0447872881963
0.314079882241
0.481393699267
0.0616432554343
0.0373162408513
0.669108146612
0.678802710772
0.0508429459506
0.195833281229
0.717413173819
0.541979511027
0.79515850344
0.893135421812
0.202386000743
0.176097211035
0.235109259937
0.825780660721
0.838700624063
0.600177799134
0.0527611798825
0.914966889569
0.0149507164086
0.855002296045
0.995457326939
0.277723298057
0.707223849197
0.743833412258
0.0979858315954
0.893414282143
0.478613206849
0.830950704281
0.678185364046
56.3115942029
0.590555847401
0.43966680923
0.322998230013
0.980988098248
0.978944518542
0.0447742282598
0.458144706397
0.345900183221
0.952098742986
0.599490808105
0.0280561638181
0.772919712442
0.385012798636
0.353799381905
0.657681104533
0.761892190052
0.652223200341
0.0563094928162
0.467848156306
0.300303501667
0.591187604481
0.844394111889
0.745676231413
0.874510383129
0.535976216884
0.345263855209
0.247797180535
0.379408387158
0.0462756981333
0.862978706027
0.761390951311
0.801537355273
0.956705571082
0.526397229855
0.548033241874
0.550624383375
0.371447124206
0.273063296099
0.295355659566
0.314564292915
0.229184821808
0.544030295444
0.201518375975
0.312837598509
45.6352657005
0.0633602072746
0.564622858307
0.817495283543
0.823365976908
0.582738310805
0.0861360743066
0.27217165066
0.8578052352
0.697286554434
0.463472211459
0.505254280496
0.860275780672
0.614366159562
0.943714933394
0.132994164302
0.30453058857
0.630236052703
0.0406410186719
0.571721640186
0.0645606718293
0.241869271367
0.870169581739
0.0441940468918
0.433638049003
0.204081871165
0.321748787204
0.0937558827378
0.666796212826
0.156974331075
0.940680073497
0.231311459655
0.921748099764
0.448685460444
0.396379867267
0.340110060434
0.473241558028
0.778458804679
0.411578805821
0.46334359488
0.0758523173012
0.285021551537
0.0274584530966
0.599556755988
0.350214456818
55.9251207729
0.705275938672
0.0797255202526
0.130869675947
0.0676883734111
0.228303157353
0.760623583419
0.509013083508
0.208466251932
0.669679761675
0.141882301832
0.824175958396
0.668115032647
0.591106571967
0.533604139217
0.881665688838
0.487556880076
0.990350083391
0.554088579254
0.41138072748
0.481487152831
0.186496370083
0.785593846672
0.0350957480404
0.140229871089
0.525517494169
0.891036124802
0.616559301292
0.680030686596
0.531150408774
0.0666262745201
0.619403970218
0.116787349388
0.12608836643
0.705444054504
0.097869027912
0.238217679416
0.54848482529
0.146949836579
0.945335593931
0.349465032718
0.588769853824
0.38743382848
0.025674287706
0.667141271565
57.809178744
0.771779038796
0.62640278952
0.812405389603
0.236807232355
0.109194890175
0.523904250685
0.160671491708
0.248890695731
0.0473007490122
0.0437882333243
0.837022659249
0.628041853922
0.235047191944
0.757906468432
0.432014082271
0.7709262798
0.737430938358
0.486249113191
0.280616235569
0.307455395941
0.319186255933
0.148018972544
0.0154375326883
0.760454444063
0.423788868531
0.698643216686
0.377759483333
0.978767951889
0.472772360509
0.0277225985306
0.911384348668
0.218802703169
0.110357083891
0.692918175652
0.16429529765
0.749508207508
0.0183915649617
0.364775525091
0.0231290650649
0.855794666223
0.9266064101
0.857486465834
0.805461105757
0.115388443275
50.9009661836
0.443180710726
0.620588274463
0.734903250659
0.824125034609
0.330620952553
0.566600406311
0.42401386489
0.444679533781
0.851952419502
0.109598712575
0.990020503233
0.95373460457
0.812223099973
0.289727160361
0.428355064886
0.962585946477
0.920320094477
0.858647050225
0.869001452704
0.48618526544
0.096098520367
0.200923734893
0.340655726056
0.235620742295
0.347822920097
0.966350840338
0.667698760327
0.309035000985
0.844921165029
0.288211980488
0.124981400143
0.155980577291
0.811050862874
0.462479980388
0.475422118521
0.690212888462
0.862478264498
0.962953591651
0.0154171702516
0.425920700365
0.416769669098
0.66733171213
0.253063250903
0.512394098311
45.2971014493
0.796795331736
0.16922510562
0.844192650983
0.542129954081
0.655045867702
0.051105619895
0.411220912526
0.00737489527396
0.343261160564
0.993192905505
0.869806987127
0.280105774872
0.852371767981
0.59327863321
0.888325889496
0.9904476385
0.947752826773
0.772488215791
0.105153855445
0.678529193439
0.124790460388
0.641980023854
0.728765998802
0.594775778953
0.00976068573476
0.705582106312
0.145646464605
0.523639833305
0.831020817969
0.27336640807
0.161011089172
0.505768863227
0.585513376407
0.961160490221
0.497342553661
0.333610912457
0.525582493034
0.150996746092
0.175738040896
0.695457530961
0.591102816874
0.287499123837
0.405069392807
0.842924242722
53.7512077295
0.41192092065
0.885207341884
0.603955765038
0.656868515342
0.50560920753
0.121838608341
0.180548783932
0.986745228933
0.295532316557
0.892486842252
0.695130203672
0.138399643415
0.57422602992
0.199759387959
0.0305220601275
0.385297869957
0.0370886777681
0.754851238648
0.195309330324
0.37819483659
0.511385046622
0.664556750836
0.384875085829
0.3282397591
0.505562782962
0.0792188658706
0.92524815063
0.838519109294
0.703881301742
0.676615828462
0.724763256331
0.259037082656
0.0313531910199
0.856785403453
0.858533699886
0.440133569478
0.913998120376
0.52278659654
0.910736498333
0.759339621138
0.359409243482
0.322398872713
0.699710045764
0.296670419752
51.9154589372
0.482632108698
0.225758874416
0.0108642694585
0.033355747829
0.102356061847
0.313934640623
0.962403287111
0.949007956237
0.0324181546591
0.653437325535
0.62886056004
0.892227431662
0.693619550026
0.131670416853
0.547446553356
0.0996455676334
0.670854427663
0.128316456039
0.732208889746
0.238405232882
0.840551392057
0.897661255578
0.821005006194
0.847078738618
0.693427377201
0.536855617294
0.980287310606
0.0500233075788
0.477554053731
0.415114553351
0.192700837353
0.420174045196
0.786736735002
0.938854003247
0.552493405291
0.865274404998
0.219205782374
0.527765052145
0.193738271097
0.412544158923
0.73162051367
0.676825651713
0.476369288481
0.766784867123
48.6787439614
0.313385606407
0.979249836816
0.0550285619911
0.516922844322
0.606280007184
0.985374445037
0.455726605563
0.865989630934
0.094398335127
0.772483335661
0.785314996585
0.7595399598
0.489404790771
0.100569108077
0.198771533173
0.287507226344
0.936099559921
0.0290323211931
0.749297891587
0.234496457133
0.663297720993
0.869318211344
0.246229779543
0.653514778046
0.705020651978
0.348490910283
0.745759595959
0.338139382796
0.31699993521
0.858745166921
0.299471583807
0.0681230030304
0.713493765161
0.667855562452
0.585689489506
0.503436876203
0.749415852905
0.965563232012
0.0486367163449
0.601751213676
0.172776833714
0.620900081261
0.17040898332
0.43435317063
49.7415458937
0.0724381734916
0.52545050693
0.500759479331
0.275502314439
0.146178573896
0.397550614249
0.0696965200183
0.840223593519
0.414072879295
0.922424936582
0.807893705422
0.545537804944
0.00218348251746
0.10326065267
0.599912573365
0.670129565333
0.621564232535
0.698219308452
0.595237758722
0.287452777501
0.367576838157
0.618386031849
0.402124647683
0.847273601103
0.464519777061
0.161656254504
0.789259535121
0.280650918954
0.580569700112
0.95755993009
0.520232279534
0.503354308869
0.338035338232
0.498023250812
0.945821461193
0.192719509439
0.643923909204
0.129067869445
0.979092036312
0.712941391222
0.465820022585
0.378447616163
0.0783054945382
0.0638044229972
54.4758454106
0.678077087552
0.494222717098
0.862642516273
0.727850643753
0.603321217715
0.0692715137552
0.985738125571
0.290985127565
0.874267638556
0.626739682423
0.892029349595
0.711518956176
0.240849592357
0.0414269506171
0.0809153733178
0.112649684353
0.947659746669
0.67211131919
0.503730197179
0.973379312019
0.306704097088
0.0798107772464
0.718527790921
0.592869749072
0.0904683773779
0.206982524685
0.427679751711
0.703235788096
0.370296963178
0.892659688271
0.0232854602023
0.105775570075
0.425084278629
0.598525540685
0.765394736863
0.205638555429
0.345278703285
0.220925220845
0.218042996336
0.319930990824
0.957198978331
0.863814951743
0.568098907128
0.634258879145
49.3550724638
0.692663111544
0.447648757788
0.45192454448
0.682708447615
0.0289297853716
0.0292026861691
0.914848049083
0.226264116913
0.12395226262
0.707336524328
0.128448781145
0.404663970395
0.271944791657
0.989693017619
0.490654979569
0.0366927213187
0.804261513852
0.495334589593
0.733653914952
0.94391218379
0.0605878685851
0.868317561117
0.664614547784
0.172829238304
0.0554445018289
0.777203867067
0.164222684291
0.990501305032
0.46500366992
0.875510277122
0.0680286330452
0.528579307473
0.559218146603
0.598095113193
0.555607360551
0.950788145812
0.704262629908
0.668482469205
0.672531147299
0.0188446617763
0.0602876474398
0.192123928652
0.610154744955
0.931813111448
49.8381642512
0.0994859640897
0.210597784811
0.368213032059
0.313898129053
0.569471486614
0.591745758208
0.42523117055
0.225675200671
0.52697067031
0.130747215411
0.0417472613216
0.0737586296468
0.066826425986
0.737130889508
0.821347501934
0.293907006858
0.371314526223
0.582724096028
0.154513840162
0.682566178779
0.704772510391
0.0855394541639
0.17028413394
0.251849716168
0.978541091954
0.604599104978
0.820724804759
0.482956884163
0.51121806421
0.720696428623
0.723215994258
0.853028109184
0.609224707605
0.978095265044
0.385549221813
0.510437948374
0.592684694345
0.962166631526
0.438837540051
0.973525559466
0.89161549592
0.587962941975
0.503238190639
0.727762667297
52.2536231884
0.837432288445
0.474729725821
0.311487760989
0.596359034781
0.774764359783
0.281354846083
0.715249840931
0.759305430424
0.11858401499
0.877755219014
0.19927517752
0.295854096889
0.981647984064
0.227201031149
0.528374333618
0.125436720956
0.997251325233
0.854577461145
0.152202841423
0.222019901125
0.962293834357
0.775583894778
0.992858861517
0.976898116929
0.925658949567
0.761870646698
0.240293335734
0.5849241966
0.346905157579
0.817113177723
0.780532647712
0.329177288009
0.95026990112
0.739023813817
0.881713774885
0.63906832578
0.898985982778
0.642300965064
0.762931947446
0.796882999924
0.914910473773
0.317515844145
0.670900803802
0.167762225097
47.4710144928
0.968466118844
0.300936685534
0.0894250464995
0.828120110433
0.16389524245
0.530290463693
0.706685599697
0.467499425362
0.44482615655
0.461462111869
0.765337263084
0.438864571689
0.745152064441
0.521131241444
0.420418870343
0.832332050306
0.210222468333
0.770346360134
0.730075944982
0.44733842993
0.113347076392
0.654036590634
0.904095855449
0.538245817403
0.0926122074398
0.711460890077
0.435255472262
0.208384824537
0.3330096981
0.122594767766
0.738481324937
0.327535038484
0.318878308536
0.965454505689
0.922822256488
0.847842989374
0.781657629503
0.0593588738947
0.321234580728
0.393177618901
0.467954487267
0.269128353912
0.403179739303
0.996923251023
47.8574879227
0.352921851591
0.145221853223
0.695034456261
0.86321005773
0.923950240863
0.774810926843
0.333313394941
0.0265820301248
0.159671627517
0.718791493977
0.875704315387
0.785102447353
0.829275847289
0.909733058795
0.994915728402
0.781896842501
0.737139501448
0.385765427417
0.680337053539
0.610133474479
0.537767366263
0.735402928503
0.57251127507
0.81644129554
0.746046298026
0.128306129535
0.0554200974522
0.177765419314
0.567811638817
0.806981058659
0.731581603013
0.126660091389
0.175726123692
0.914415920065
0.904960405921
0.200019156177
0.0554712866662
0.532655315228
0.696690310546
0.386244026638
0.047251366564
0.807311961295
0.418609467042
0.245849152663
55.2004830918
0.707609713835
0.0330159082214
0.8296080277
0.680504990557
0.616557695692
0.574801260377
0.899788302275
0.225518470257
0.255016103958
0.500430391842
0.707437415434
0.740750966434
0.0775690605253
0.798655668138
0.0938124624468
0.374973764332
0.405530423559
0.0584186627771
0.700738166283
0.678661031463
0.765322693474
0.483986878502
0.0160170313968
0.740220283929
0.297168419353
0.12102796282
0.0516520035666
0.22066035643
0.859094106481
0.168621429777
0.279881623223
0.161696871344
0.451246619877
0.252207876753
0.452027682867
0.442295206428
0.585522093586
0.532475704081
0.925155383451
0.758650963974
0.225507334433
0.525185333316
0.121545989582
0.00260793930027
50.5144927536
0.921733730388
0.506930926558
0.745981988339
0.913513591425
0.767243654318
0.38183960474
0.385844741642
0.878512008013
0.798469372889
0.884208166871
0.119024646052
0.756274377774
0.466424450937
0.99207730772
0.754643787476
0.599166957443
0.803207659029
0.426743337595
0.331591096378
0.148856540738
0.908819378263
0.113207401289
0.499870006667
0.98035342799
0.383290507523
0.47656219612
0.409758609423
0.169491892285
0.32912387014
0.449316190276
0.733782310807
0.358848152365
0.549048118986
0.0646553426317
0.446498986984
0.097095837391
0.564084143145
0.510642321525
0.987096642086
0.326798958373
0.0769239743558
0.520353222015
0.429803562062
0.895642375478
50.4178743961
0.505622193892
0.972951786529
0.287110973734
0.966099766948
0.212599836843
0.580701121835
0.570808199004
0.198539098341
0.0539608006588
0.536912919709
0.735830311502
0.582765592037
0.87412075036
0.999834174237
0.131918293013
0.793002193655
0.570748523579
0.287471400227
0.588091690802
0.941307542769
0.355020039396
0.658352354348
0.754933771523
0.604431440838
0.832184702967
0.553225250677
0.829689179424
0.99910782086
0.52744431117
0.172695481755
0.289174091656
0.180785214137
0.482144460747
0.265799836831
0.255498875504
0.140794721956
0.545278453028
0.00451821973734
0.11960324324
0.676955481805
0.985303700843
0.819222869224
0.0476039094116
0.912617636756
43.2198067633
0.0472706337655
0.0700650750949
0.994954747093
0.33914280464
0.0802641068917
0.429299400831
0.853419442548
0.256822047395
0.860157304333
0.849545398612
0.355856653915
0.489231338461
0.732678145938
0.992986829896
0.363817666342
0.24602453188
0.201788195027
0.996508384069
0.162956547525
0.00916383183008
0.588374064081
0.447769896778
0.391252805175
0.317587760874
0.384251319496
0.447218069526
0.2250465421
0.32531662811
0.926480890169
0.631035687197
0.447886113728
0.00799549883562
0.0169979711133
0.0300283371595
0.0271882829369
0.892874663599
0.112553433096
0.639448629491
0.823710878254
0.187227604522
0.709967725738
0.574757912899
0.0588379469943
0.180206467938
60.7077294686
0.551697284677
0.688325496209
0.164677415577
0.793135030057
0.276713438912
0.522065365437
0.641971242413
0.153239165962
0.141693816113
0.471010403436
0.550818075188
0.0658148206111
0.437526249042
0.032824107925
0.259208407826
0.259833475216
0.22612518128
0.0182498111465
0.074372236182
0.281985116773
0.0225605745893
0.597497397815
0.381939214346
0.914158707396
0.0474993144358
0.0575675233505
0.917911310594
0.989360151755
0.674959116428
0.145513334837
0.798447963646
0.4810677671
0.700374931852
0.872639687626
0.932463739918
0.741025252108
0.0539778550378
0.654639864145
0.442038488291
0.760472154093
0.584486529938
0.662669794442
0.715639998035
0.329811839057
53.7995169082
