50
72
0.0662709926529
0.334585683093
0.411075164268
0.455179838186
0.0314025511163
0.0917967646762
0.26815762801
0.782774885974
0.283230662928
0.654410006283
0.377384070928
0.374614370676
0.851229586524
0.73584818265
0.754022818836
0.901503270399
0.622814253695
0.62335609065
0.134808261469
0.198644755025
0.978594177341
0.0837622671734
0.695226010688
0.417495658328
0.247939855428
0.730178208857
0.149610553464
0.326059443545
0.609861680093
0.72463508865
0.859055411891
0.632616674323
0.0642013405715
0.691657976999
0.57213579561
0.207892981909
0.0981357326205
0.717777559364
0.423443761363
0.080664535552
0.672993362693
0.311979354954
0.814935867545
0.0818010098639
0.156383254164
0.20209043621
0.805093330198
0.0117460540544
0.824636355849
0.84210364695
0.630894680302
0.206435260914
0.560559444827
0.505439320322
0.987600919733
0.376651635083
0.371501535796
0.839144499853
0.69135317654
0.595818562213
0.352732785657
0.754029655675
0.349582862719
0.311230277305
0.721135900188
0.525742904966
0.664234329755
0.25371983425
0.54421003977
0.981781730368
0.992800024282
0.12076457362
48.8364726027
0.789387226896
0.649442197557
0.792168144929
0.908029092385
0.318661250771
0.739705676053
0.570282798962
0.764345710947
0.453529075441
0.842063056187
0.970616658153
0.245132444062
0.735244744295
0.205276468388
0.614456114147
0.83924846898
0.505385786969
0.479078503058
0.325998936449
0.644287092412
0.931732126431
0.791808927293
0.365264427533
0.0653062216276
0.104457483204
0.0389889045779
0.293816079041
0.411996332633
0.82763328484
0.257832714929
0.0982967284914
0.269285937417
0.731045068078
0.962696971304
0.196776215534
0.516384554774
0.327321388428
0.316467338838
0.952911538
0.869263177631
0.639375225439
0.012882755609
0.322919507179
0.821572242178
0.023157887636
0.744797149515
0.260361906714
0.858997097128
0.810725421514
0.13337865617
0.503743146289
0.822050971784
0.398617514108
0.993246341069
0.371920418613
0.292305444954
0.406548903026
0.808544413986
0.192326356271
0.877058414639
0.531413280159
0.294953951268
0.987004187831
0.267439564335
0.72159969883
0.922642113556
0.0414553922772
0.944953335374
0.296621479682
0.275148862621
0.981299859411
0.411459391641
45.3154965753
0.637057618035
0.119211183444
0.981748540825
0.817590592301
0.0698066880283
0.0605248003517
0.734888610268
0.864608457203
0.573653251635
0.660443397046
0.799781118384
0.854696137718
0.930146762088
0.888615334308
0.960371148703
0.764688884689
0.944792971871
0.786557869845
0.216210473884
0.218242017177
0.363557838519
0.217168876525
0.030992713304
0.231436391922
0.109683931385
0.575176061834
0.463900987716
0.606821371027
0.465819337132
0.333523684785
0.808768075759
0.85089529108
0.826459065887
0.300696776838
0.366049070528
0.490023432036
0.645698957877
0.463982859352
0.972606536868
0.659793486625
0.205302090003
0.293671162455
0.914308165112
0.842808527754
0.82807768217
0.383189344471
0.846436929773
0.629917477983
0.161572501596
0.300177709789
0.346913744373
0.379883078549
0.157074772352
0.523500928406
0.727332618853
0.652487357882
0.36893057885
0.341197253811
0.726808314046
0.290074599561
0.199172773015
0.584365242868
0.713636499659
0.0225318125542
0.712462381288
0.0719879730902
0.0197664094239
0.470706699145
0.646342509227
0.641694763475
0.033085998627
0.423263122968
48.247859589
0.241804749339
0.641460390561
0.6725195989
0.261974079177
0.51916808703
0.757241809588
0.870938074669
0.410452162551
0.624270305761
0.0515523716089
0.690881480282
0.681317535976
0.869971894553
0.0879735439448
0.698094215998
0.396803399246
0.0979724531466
0.0166041269036
0.217872683514
0.157798958542
0.985939600446
0.495446974151
0.0992254433632
0.136329894476
0.924950377001
0.322733210067
0.611845870289
0.766476331129
0.0922451545865
0.655183950244
0.100897308946
0.70872830396
0.344294042003
0.687209518444
0.0246107322265
0.96277873025
0.555175789395
0.666046166602
0.999694895878
0.00375387584946
0.0252691959135
0.117830292836
0.479558993795
0.81688132683
0.58525701683
0.159610161158
0.690347817546
0.705595454027
0.0204423670741
0.772295119094
0.449789409246
0.748080385692
0.440377630941
0.909542316481
0.493855220004
0.777250474174
0.218805865009
0.317580924966
0.936232765126
0.759168265235
0.128914706928
0.940973857341
0.485610780041
0.444899966658
0.298902780407
0.789316983754
0.0457768780368
0.170808417327
0.612858601633
0.139875853026
0.323527705524
0.682283555905
52.261130137
0.181951985304
0.951159911157
0.0693915975567
0.855910388641
0.510937952182
0.36243421739
0.576163735944
0.195074459153
0.984973133483
0.15416866687
0.0602538031775
0.974004818063
0.301744677717
0.0444247066227
0.550846141525
0.905254488719
0.473911658591
0.696179555551
0.911872406401
0.205618438861
0.0268589784502
0.310587921774
0.621796724178
0.935489049102
0.0167637770133
0.681181223879
0.936213348913
0.486649078984
0.493974336161
0.584004306941
0.0582568166087
0.0935021392456
0.0367014859955
0.378689663175
0.94182460468
0.242740658678
0.980022513247
0.695469150141
0.352612283692
0.856451352946
0.965197564036
0.0831232085236
0.811961178537
0.123658192861
0.434298553218
0.492867583147
0.0485185203343
0.855302875749
0.695150569834
0.473177538914
0.582710106632
0.237662789976
0.181585781817
0.950549581946
0.0690254536742
0.859206488245
0.534009844751
0.471200676364
0.0211154562508
0.885886652295
0.12528080545
0.778704965343
0.544702541774
0.259870564207
0.656900510929
0.6025679873
0.703303326677
0.796708075193
0.450518511887
0.532738396652
0.14176377334
0.0559370718196
49.0398116438
0.0597484712736
0.855057181678
0.592606846953
0.860126448685
0.82729706994
0.222644382714
0.890192669718
0.337356572644
0.0124054108798
0.0382233127178
0.117691178389
0.362137255874
0.11360292933
0.422382274351
0.511867281726
0.26976322161
0.01177379536
0.642773778909
0.750678513975
0.719107074494
0.558535822432
0.879251265796
0.248685192885
0.578849768039
0.234931871858
0.199943320443
0.0852730763497
0.712148574941
0.505433761258
0.623265394733
0.190688517489
0.534742554405
0.492258668615
0.140869022871
0.414886121344
0.221495521812
0.594998040017
0.576528543379
0.10418890095
0.436376517353
0.680558995159
0.155965314777
0.810760934706
0.460877774008
0.468418233756
0.662609437288
0.759892520343
0.595870187286
0.736188442285
0.0542989685424
0.700097833583
0.71189628338
0.970497199269
0.415916645605
0.7610250831
0.82290068815
0.0881783818259
0.122964100497
0.944179166964
0.558398095656
0.852776073737
0.0910735815208
0.871456828794
0.409078737424
0.611360967877
0.98645717086
0.416494314265
0.620851350739
0.97665927646
0.272293502112
0.84382752783
0.612323647152
50.9875856164
0.0794941340901
0.966051982649
0.080864687018
0.790720281983
0.0165395070867
0.982754507973
0.747671481996
0.641238322281
0.118386596956
0.939174683687
0.569568727866
0.964840216495
0.662922748173
0.293974542646
0.797542524388
0.139484261686
0.659022853516
0.698778765099
0.261466909774
0.279792574815
0.325553261344
0.435186395136
0.681139019133
0.17015655858
0.890688181757
0.812720062081
0.860126738326
0.846279872465
0.336538591095
0.402712696864
0.387428861737
0.700158899473
0.714093641207
0.983131753221
0.471947748875
0.983500717148
0.653474562606
0.069340923364
0.534774479211
0.584578564166
0.694501072921
0.905799360854
0.184286509251
0.953524811121
0.0625702818183
0.793698394533
0.199057829183
0.0510614267761
0.514848098837
0.629535751212
0.143581618149
0.195667950052
0.881773137386
0.529627272612
0.241805401265
0.684186955731
0.928873122588
0.415556134362
0.133478705361
0.0608670241451
0.163893797037
0.435559564916
0.138313215749
0.909843211904
0.214240328032
0.0968530639475
0.652955432226
0.0460550165925
0.399731211995
0.983892122224
0.305771824564
0.979601850672
53.042380137
0.125664681714
0.937571437951
0.49444649063
0.528536004698
0.721197613347
0.570361638212
0.931391310797
0.455093120878
0.348036930574
0.99238349678
0.821968604684
0.000360158737898
0.604443513572
0.623419651553
0.300526287996
0.19238086565
0.449548602755
0.965863825686
0.749245528907
0.802698744327
0.0729827066253
0.213607543702
0.624800902584
0.826337521771
0.334817007788
0.571864353263
0.417833049488
0.3602191188
0.400817268228
0.162931540583
0.370233830683
0.755019118855
0.198010236572
0.392889352212
0.575243984121
0.915459735231
0.3155625543
0.654237711607
0.085363280529
0.624040281192
0.975972161566
0.239470438665
0.653073181202
0.763205138816
0.701572202901
0.340586969304
0.729371991775
0.310949226504
0.301347435111
0.00954157254121
0.345122520489
0.984860969648
0.803063132666
0.954630071226
0.500212234186
0.40960276656
0.955706492927
0.047814057694
0.68552591354
0.682828960757
0.927240543916
0.4179826171
0.162730809834
0.214541306342
0.82267054996
0.00515154144008
0.626874302307
0.714881939643
0.64742291792
0.450600051973
0.876794052207
0.205363845072
48.3441780822
0.341036603461
0.197945015121
0.118340660401
0.928538827143
0.506167017598
0.680152663776
0.525412824687
0.0311029753776
0.457902432143
0.467487813632
0.683804993334
0.895439637729
0.218392886777
0.251400583993
0.542867523377
0.994599884321
0.081791595124
0.539350615571
0.499979336487
0.145720479604
0.374508850897
0.935568788941
0.242833074748
0.0368793509122
0.0357784335649
0.882756443593
0.974532757822
0.902388555836
0.643536516265
0.739722097132
0.646503937232
0.22152475044
0.510613069615
0.0699556633188
0.824216355444
0.315697161145
0.476235770351
0.016140171799
0.810719099696
0.719053050334
0.0178464059792
0.635600985756
0.652988259485
0.197520685929
0.30822978228
0.0716925203165
0.656087082616
0.291289811609
0.842955128172
0.43612246373
0.0301386308981
0.255729613466
0.263130002298
0.277213493011
0.295110937795
0.275744190088
0.998466701193
0.509102495132
0.0684146625272
0.828565521042
0.355661161856
0.676877284236
0.86031324871
0.0699839345468
0.677084372193
0.432650820996
0.502145577895
0.119016078816
0.194786273489
0.0975729315945
0.832361128991
0.116010387942
51.479880137
0.204812169625
0.184779526276
0.265367631444
0.929190052591
0.186831631309
0.758279317837
0.868191224416
0.384633486784
0.494079903438
0.502778039987
0.569949109808
0.894692299791
0.238611810474
0.37944016761
0.129134711397
0.359846761133
0.996868164224
0.742588134323
0.483715329985
0.218998772648
0.960554667679
0.792339051004
0.109042298559
0.523202335212
0.157833323413
0.238178925221
0.00857364060711
0.907831517889
0.369826339804
0.0484743803008
0.962409225224
0.338185926573
0.367432535312
0.160921873126
0.658638422184
0.503533674146
0.0934562464631
0.0289344131135
0.332500260926
0.734591847123
0.415048733991
0.878965781899
0.538356085065
0.319444475362
0.0714620878284
0.553772249953
0.679474708439
0.092898001467
0.442115635328
0.816611798352
0.920630072158
0.174274248609
0.759974845533
0.991380834896
0.108511399988
0.728640889584
0.395242736372
0.813688414042
0.324945856486
0.626479415016
0.834363781726
0.367867955624
0.697933700689
0.876790603519
0.979340315735
0.984926463977
0.0954959434851
0.708637488833
0.392361440392
0.976431244922
0.327334505175
0.176125829646
49.4250856164
0.110744432126
0.0793341263525
0.479304869391
0.161822078351
0.657188647232
0.486733177412
0.00570124062014
0.653608849076
0.870341927638
0.339571924555
0.204354201062
0.169977886207
0.180679508094
0.554276073115
0.699540865431
0.208760534965
0.956695423391
0.861327724421
0.557707537662
0.594295708242
0.546406411326
0.929777095013
0.661004868143
0.598035355811
0.639168322816
0.452691735421
0.963635508835
0.707587433805
0.572805025386
0.0685432493038
0.256014269417
0.919196372766
0.211049810605
0.993531512041
0.0617407751525
0.428661046261
0.0162993003682
0.239846387511
0.292384621342
0.595690240864
0.942679853102
0.294866950839
0.285083030003
0.0566956228811
0.774426468502
0.136298203431
0.84795100696
0.861022209638
0.534574196429
0.458245293892
0.938303996731
0.505616334941
0.58896204155
0.983225235656
0.598693039981
0.743131121462
0.0705493693531
0.735116125854
0.775752429705
0.0384694463732
0.249044813784
0.148043864933
0.646859866368
0.548764412984
0.470847681825
0.886206375335
0.0796091151752
0.501797316337
0.294301860622
0.249635317932
0.84909516282
0.847853114713
49.5214041096
0.445262224132
0.0408953144384
0.238011871097
0.0600133962246
0.217973538299
0.767720663771
0.644562137114
0.957886850391
0.946261868737
0.0565895601409
0.823180545927
0.429777232642
0.170038484573
0.152235814899
0.38306852865
0.928288837812
0.122116268197
0.378098072175
0.16954201886
0.614369464826
0.160338618393
0.432706528988
0.153191607974
0.0247908881968
0.770020858237
0.397007153999
0.451855201926
0.13806682598
0.761704140192
0.327623406095
0.110403176908
0.713808407836
0.289221853603
0.311055453157
0.263336036929
0.780517143985
0.313078530728
0.853816890976
0.305194568481
0.146815394578
0.134141251966
0.483508961009
0.693782497949
0.811114339027
0.622643553443
0.435832271067
0.0112016466492
0.144719441947
0.767501831837
0.302536012264
0.907699589527
0.723373425957
0.170944251656
0.515304678798
0.553329807469
0.682236736456
0.11345215193
0.540582285951
0.222424347511
0.469305513155
0.814013951328
0.660334089578
0.635878977163
0.872267058014
0.510691554031
0.213745804126
0.686250840131
0.193792802827
0.986499258259
0.174860322454
0.170668613702
0.450268780533
54.4122431507
0.165595159469
0.941151933667
0.156555165136
0.46896359111
0.404785060025
0.208038040988
0.605162706942
0.758633872342
0.105338871988
0.804328383744
0.877920453333
0.028567267128
0.270119526069
0.363611751852
0.750594776899
0.231062894317
0.631024376284
0.706580208441
0.560261864912
0.00234931474649
0.971739106747
0.8092908057
0.110092875128
0.376940002355
0.270804137569
0.232364805046
0.956951592978
0.650426311221
0.289993532587
0.886124396597
0.706804585469
0.265707945095
0.233006403412
0.00666691502831
0.9429438607
0.597660926883
0.0994708170594
0.217876562473
0.412022021304
0.511243065565
0.359260202068
0.554373623566
0.0928999227855
0.568036926679
0.572122254179
0.32040118579
0.773306828777
0.756230300139
0.577620343078
0.659649358869
0.759313066338
0.619034169032
0.880387418801
0.711016991935
0.34261518405
0.65653817895
0.855692417248
0.225310893357
0.650633607794
0.876003606141
0.400319167112
0.517882549883
0.504422795701
0.365593826084
0.653757796427
0.632202343811
0.909393896259
0.766542283669
0.414708637338
0.589371273072
0.803849902802
0.518757959576
45.4118150685
0.877898634308
0.598570169662
0.690333311265
0.754868341456
0.316210248172
0.103446417997
0.774786275666
0.717699890787
0.333122864969
0.539438174795
0.238523264048
0.576196012791
0.310466699896
0.677036085911
0.26801621599
0.514772524804
0.676489204913
0.425982506656
0.467492197368
0.971110625128
0.619233974046
0.975408220601
0.279343557194
0.897387361059
0.870232150784
0.144906656411
0.0373505843026
0.919943598945
0.183506332879
0.821545610078
0.277716663315
0.272389491667
0.134886980578
0.357816459293
0.932915930556
0.377147448871
0.866641321112
0.805520886422
0.0333534297671
0.950432604106
0.402414754665
0.86059509393
0.541837771181
0.505670783784
0.157484762901
0.393871524999
0.945866283886
0.130353977492
0.269327313285
0.442778082282
0.232722674127
0.411333305465
0.37349576565
0.538974845539
0.872387182793
0.383549486911
0.449812278803
0.246928291032
0.433259238202
0.377200809929
0.363871716579
0.788423010939
0.455692616014
0.638348599694
0.728858054451
0.628010930287
0.208343092904
0.597960186903
0.712673284873
0.894398027935
0.952328604574
0.664389377269
44.7268835616
0.415378824514
0.512768553316
0.338201899687
0.414294419516
0.441949420325
0.923046747138
0.560735699487
0.0569934747417
0.295339555136
0.259096057727
0.896520350964
0.0472575850049
0.214862354654
0.863855862881
0.24937398416
0.721541141923
0.0848809932709
0.0154156847921
0.328565169727
0.832649854821
0.0388126005579
0.739026913259
0.0848480728805
0.857846220844
0.383444667486
0.580052019802
0.0293101114342
0.955392492864
0.468563952211
0.212851279969
0.0600321111517
0.444531148017
0.126897886914
0.760606990976
0.421560962393
0.683902857642
0.309368484316
0.701085189181
0.422194775834
0.223401954024
0.540658742878
0.23333487064
0.534080539585
0.104469401339
0.820091553837
0.980324709727
0.501124274658
0.183823262883
0.592821107025
0.902517275792
0.0797136915245
0.355626670325
0.416336797815
0.297380754381
0.0372533467752
0.547093292458
0.947279632948
0.759838165563
0.0335122984972
0.362530303803
0.87357113593
0.97865408094
0.00978426309706
0.250818853836
0.416854754728
0.243758843847
0.710860271766
0.07133203515
0.0302497674836
0.539510288964
0.964813825607
0.933290352965
51.6725171233
0.916417688975
0.0988929584099
0.345598552984
0.183554691804
0.990941175203
0.293654823331
0.843458366463
0.41785678797
0.916015432129
0.735381500633
0.168150116293
0.390467194536
0.829452120576
0.462507972219
0.309978750197
0.697300752447
0.3939957625
0.0882678046256
0.983644966908
0.107459557753
0.791952648061
0.784579867355
0.579905372818
0.418213432362
0.290132240046
0.976872550261
0.250045139911
0.70841789042
0.000101082492661
0.624845484064
0.748163160711
0.865369608517
0.458749205529
0.964168758995
0.656269703797
0.260099393889
0.654169031223
0.584119641929
0.617196571802
0.44610265428
0.121846780697
0.716156797314
0.200319756371
0.75650736488
0.736166381115
0.608432004014
0.0250945952825
0.674679538048
0.822225869507
0.861239375436
0.767403428294
0.853266192487
0.212966301101
0.598402077114
0.673715752362
0.656675820976
0.876613155835
0.349596546642
0.208060879812
0.101996359923
0.739430242058
0.518614211799
0.456813093929
0.0733506582049
0.328786105519
0.312560708857
0.916289304296
0.684689445238
0.861532934831
0.00699260225808
0.288159203369
0.666021799478
49.1254280822
0.402697966135
0.421991603158
0.907667924559
0.648083118524
0.719487392175
0.484176287162
0.429671195047
0.220440586654
0.455602765737
0.749651314535
0.397482995574
0.638036144695
0.250869908008
0.762894147856
0.31953571424
0.0511669567997
0.431180313873
0.126579271216
0.878852804089
0.133903381936
0.893745058119
0.157339909645
0.900333938095
0.98594444053
0.812661201563
0.00246724626151
0.700852666805
0.182910782826
0.789790698188
0.0925471424507
0.447166573907
0.85007516097
0.0759518002473
0.805034356058
0.146639932473
0.634530393203
0.487422966134
0.213764259214
0.895778861732
0.450794836227
0.642759264247
0.799402059852
0.0115789813037
0.874855352461
0.144921280969
0.995829516967
0.67068557143
0.0616477779367
0.333716527231
0.447469161542
0.681366224589
0.060974893651
0.233553343083
0.852546015641
0.0132960048559
0.406861891672
0.321507305505
0.267286808806
0.710155104115
0.85534934502
0.740700133916
0.746056699968
0.810038995798
0.145723675903
0.58399109613
0.192433492826
0.898681093844
0.660185126395
0.872980915836
0.296219357877
0.92048790763
0.856953224055
51.7688356164
0.857328177318
0.431390048648
0.872386698506
0.351809752785
0.259378232635
0.389981621572
0.00548563571873
0.523079221818
0.0891046082038
0.82691465492
0.159546454037
0.51504683283
0.654362910232
0.290755966333
0.855269607975
0.514813950032
0.39145723048
0.715417833829
0.769391928651
0.177591068278
0.141019054281
0.247794711599
0.217596781064
0.0754282824075
0.494198665693
0.286337451662
0.270236719977
0.0443832553175
0.834169053351
0.605565020599
0.125868645083
0.305126687172
0.697942317286
0.441513718754
0.367601458601
0.231985283646
0.0834985752935
0.413123899776
0.7272562206
0.645422225619
0.327227369552
0.154564188391
0.982338805623
0.502955136563
0.176681571247
0.533493200072
0.610825058791
0.863511552925
0.683643788847
0.330258758409
0.828758452895
0.000221890863123
0.542505272422
0.253034615528
0.635660243017
0.53664991794
0.498957321719
0.163894669686
0.492752124293
0.481460718171
0.453995191214
0.390824684569
0.258991387314
0.0365261635894
0.888234496949
0.000671507325301
0.00991857471354
0.0534678823535
0.231540121699
0.908029789014
0.364317637553
0.0136377266664
51.5761986301
0.802967623673
0.695066200391
0.943688590935
0.406535742507
0.946017139516
0.0172811537121
0.589532670343
0.381665637409
0.984199793019
0.470208020609
0.963449989378
0.548827750369
0.621916600294
0.792049849267
0.155049693369
0.801849519699
0.415649876636
0.277253584585
0.922672619027
0.0407534516585
0.940467142423
0.276021787545
0.191926446357
0.667362591062
0.276837528332
0.654761852501
0.437033359607
0.729343486785
0.442760684245
0.0924727260517
0.56999019976
0.58768666327
0.396208182607
0.0880691274433
0.962541122853
0.982624588474
0.232877426411
0.553643265502
0.225962754898
0.372987141521
0.204258055045
0.868664057818
0.373661850268
0.423994583718
0.181010850314
0.270113849658
0.991585445534
0.518488025041
0.186659142918
0.453562633787
0.0414435160517
0.166597393876
0.626592718789
0.260179767027
0.921744135123
0.188846906259
0.837384224749
0.324683190923
0.411641125272
0.547698033734
0.581418075373
0.559226149458
0.122594219217
0.702529972244
0.111831859266
0.348221407881
0.0828417134813
0.363057611194
0.432770245422
0.329102972193
0.0796856251874
0.51618700263
49.5214041096
0.379951388266
0.634025307168
0.384589348613
0.601308328813
0.146545835366
0.467500054936
0.486087810914
0.709026371887
0.879367933506
0.894970254876
0.455510128943
0.678328482249
0.970379733415
0.717322060669
0.570514765338
0.96719004766
0.668507397917
0.306333960626
0.821437184572
0.171617460974
0.636770107581
0.276063495895
0.92545000921
0.0681285909658
0.0797214662054
0.865171478953
0.473535676217
0.0546707487891
0.0662034084362
0.905183711929
0.835271593994
0.864976158257
0.672412604837
0.249690206359
0.446427796686
0.431354922886
0.570279367969
0.539481902252
0.104377102616
0.770925497489
0.686159060154
0.178624884765
0.896317769678
0.770282653944
0.554835998217
0.396472105454
0.385308650016
0.74360295183
0.993839860838
0.270612598974
0.679116849602
0.639187706433
0.723074593414
0.585758203417
0.00687788101197
0.769443457798
0.55475981603
0.403567777648
0.428568322854
0.939299939122
0.778684728635
0.218408921358
0.302290972913
0.848065545667
0.367774516962
0.574057193244
0.134372506812
0.639720303736
0.628969260285
0.0163328289122
0.437273633381
0.476646339252
45.2191780822
0.924415335906
0.256674961759
0.220311750283
0.0117958462846
0.0879693259848
0.421653339348
0.73819610181
0.634296556731
0.162014425333
0.263417543486
0.122375432918
0.363494706956
0.0795893450596
0.206083708993
0.520198148424
0.266435509192
0.916829720984
0.103058741936
0.366884966067
0.273781118562
0.340722017597
0.580302038935
0.415314075243
0.269166102278
0.877169937723
0.840524705008
0.148618791779
0.326990408492
0.624373324939
0.803326273203
0.200597715181
0.97364983515
0.0365195726195
0.45626892308
0.408937384078
0.347203997573
0.402787529564
0.291889199642
0.126247432601
0.130481799653
0.646663904923
0.705647231837
0.413908247541
0.132624400369
0.0705721755803
0.229813450577
0.743731123237
0.394065683405
0.670813993362
0.478292809531
0.832430918579
0.689950225694
0.647823088604
0.677386501618
0.233911213096
0.306988766078
0.736731679017
0.657491178989
0.314361964017
0.968751175263
0.983249374606
0.180735671502
0.235169660863
0.784396922074
0.589854583853
0.479555206106
0.568639983192
0.0958430446149
0.457298421024
0.881203124198
0.171532955557
0.0983696184527
49.4250856164
0.0464211111149
0.393200101028
0.941410605719
0.109662724238
0.185280897265
0.124720865446
0.0807971177025
0.36229491761
0.446595445925
0.418918417474
0.494151492341
0.194643197196
0.720495753753
0.571185746932
0.942652699461
0.515244474382
0.607592553617
0.0083550526795
0.581797336003
0.415588540662
0.257355221188
0.803834462405
0.506809782912
0.806348537893
0.276803181155
0.403682248368
0.930864860222
0.95204892561
0.334509812899
0.438618549793
0.621122983075
0.779170950731
0.0849188571215
0.496974589043
0.217577819337
0.832695616287
0.0379733224556
0.733579391451
0.0597164449529
0.75608414955
0.999056891485
0.189584003374
0.145992000182
0.169695971138
0.704247825604
0.698223212556
0.85110884614
0.82264416466
0.275885373934
0.251514764141
0.0261202198561
0.893088443108
0.123448677878
0.702896082598
0.106338393453
0.311965619808
0.914748177776
0.680798487553
0.852057327403
0.985157577262
0.242429517775
0.588158914597
0.347087827189
0.789096733415
0.61078995538
0.562869133194
0.880105201984
0.214809013154
0.367907263956
0.274162465354
0.333809417345
0.535394316295
49.4250856164
0.208081141666
0.429938004995
0.70689775498
0.37194448492
0.869587116768
0.870022335915
0.393849965813
0.532898774125
0.652742952844
0.12036875035
0.847525928985
0.00183681910933
0.383287557093
0.28319396975
0.249575805488
0.948709105999
0.446072385365
0.138052360677
0.813662697431
0.639504937253
0.51406534829
0.328847655697
0.34649780081
0.119357904003
0.597667217967
0.51178217095
0.691688065237
0.544088853282
0.039340533798
0.339243525314
0.681396347286
0.0351863554824
0.0785510097955
0.154628859431
0.220814068427
0.933224676097
0.612021439496
0.27310655417
0.130446371211
0.324719240557
0.774298102449
0.723315449265
0.371209774785
0.717419607395
0.963629671305
0.325001561683
0.277342331245
0.739039933148
0.938158617277
0.97759230615
0.422126282646
0.734426943423
0.607425116719
0.0347082107471
0.741423216489
0.136165400558
0.144183457423
0.639612139932
0.540021721962
0.483621073621
0.0415309448898
0.896596008816
0.00579754682497
0.965421205319
0.740349308428
0.753305004755
0.85668625392
0.360372481551
0.452058606502
0.468999305468
0.745468375115
0.251816501479
51.1802226027
0.801683635316
0.543753297758
0.0473670703555
0.390422744372
0.91623283262
0.98359229596
0.655458283416
0.0804190389213
0.583389685264
0.776566760469
0.40889339585
0.464259532938
0.105516635391
0.454764017557
0.778934386415
0.580730160472
0.473971486753
0.617257477505
0.437801484665
0.0714916116853
0.488736309779
0.288993352678
0.335333329298
0.411059802102
0.448358849342
0.990614877957
0.908459623254
0.53522383956
0.0352064301405
0.394224026869
0.0484862891226
0.742901494568
0.0210323636507
0.440080733686
0.451193128433
0.746432168252
0.417854853613
0.789239609474
0.974743974332
0.745307361549
0.699148402372
0.48712416153
0.630409349482
0.398338643533
0.71634771751
0.713038513266
0.831101623241
0.569263120883
0.935664118188
0.490616621186
0.522722665902
0.720786405559
0.62021444065
0.234208995107
0.823324006856
0.832063084346
0.582462445608
0.00620691618207
0.795079489101
0.714614687317
0.131972723229
0.360304156001
0.974070426944
0.601685156828
0.843477100948
0.645696194643
0.282883260982
0.886033816163
0.77025354732
0.6472169401
0.951019716376
0.881165837767
46.1930650685
0.72781758087
0.436412946967
0.0681194556227
0.481000212685
0.272926174683
0.308555135165
0.394995239261
0.592975219491
0.00289416359857
0.680588008651
0.0574805778689
0.219591391829
0.800223150155
0.825016373643
0.748089891702
0.0633919886575
0.647542909521
0.314729557968
0.0604911637742
0.53038096217
0.637865298225
0.0537631302363
0.581791099867
0.00687842583568
0.80515065869
0.768998117969
0.367632780842
0.28481362539
0.400186725592
0.837797725453
0.425105821982
0.0104554048783
0.236780033079
0.326581554157
0.828469027641
0.0315801776145
0.733259820216
0.115337321117
0.0926855472299
0.518077393742
0.274294436557
0.983070077315
0.429770533639
0.730992508888
0.518020250583
0.529188925153
0.5129512965
0.315007453449
0.273483053428
0.805831240357
0.373639960462
0.989358602034
0.573391967224
0.536124387512
0.0562186208786
0.512192239731
0.567185849651
0.793384941157
0.655637000492
0.793357534196
0.859412201569
0.0162554024786
0.36282260405
0.0306370011657
0.918418572198
0.234778420631
0.142903376895
0.744414476519
0.18035646582
0.382408508723
0.671242859957
0.585780581236
50.9875856164
0.473497749036
0.568961264335
0.152287845097
0.793075693633
0.387863554686
0.189500087485
0.646228533971
0.171870415636
0.215165690142
0.744160400545
0.528471191166
0.473383543743
0.0840605427858
0.243911364682
0.706923303021
0.0463375351583
0.915715486655
0.0772551014407
0.222091232052
0.637251479349
0.824687787206
0.212863409514
0.854990375116
0.214171563829
0.590116009825
0.613151984077
0.367867816857
0.688839046103
0.822223924906
0.733792135329
0.00273748906442
0.412295719313
0.449136913474
0.98416000785
0.86272782542
0.318926883527
0.149010874858
0.0237232982279
0.801241916469
0.593941813114
0.352473632112
0.769365476296
0.443930168354
0.73929172552
0.440378837935
0.988647499996
0.968475458146
0.91302525057
0.761872381752
0.354007037037
0.267190788517
0.417081398596
0.097771294921
0.832895183814
0.117429446943
0.208520030223
0.194255158851
0.28885068151
0.984807659813
0.309189824049
0.991870009284
0.168511638022
0.0842397478757
0.988833745884
0.174844742359
0.149564744501
0.323785786185
0.596632016603
0.665720023955
0.624631995127
0.756311756405
0.916182583111
50.2063356164
0.690289691841
0.896094905117
0.163962204543
0.918919084507
0.037854664509
0.956856230203
0.400445398574
0.790966322506
0.141789347458
0.732039185077
0.116130982108
0.108433229428
0.605420538009
0.656624162375
0.490960132999
0.036143337857
0.798218832215
0.464022950927
0.600168217687
0.424802748196
0.147302531232
0.0605904548679
0.0378199485287
0.681605597774
0.749254048646
0.361073912736
0.42315704067
0.289277029809
0.92724881406
0.959999615257
0.414758366238
0.848553663004
0.358496681469
0.513997124255
0.857512612716
0.519101558002
0.396995835636
0.710060993037
0.6874034375
0.733871688904
0.216599196751
0.694749982849
0.219107125511
0.061892909489
0.399393328165
0.839323783174
0.44140274515
0.0945024243946
0.594389841672
0.715817229652
0.945394803695
0.230013755711
0.871529304317
0.159052023264
0.110548403625
0.231822212788
0.3959976441
0.289585949507
0.173536900968
0.434947861072
0.0478550573077
0.372599595846
0.804902058893
0.476015990331
0.611977414015
0.387720571525
0.818526704668
0.421675083867
0.163310163256
0.184785225971
0.638919886931
0.170452287025
50.0136986301
0.272434741837
0.100537867792
0.15131453105
0.00304637616626
0.656447478375
0.911267483518
0.559577596139
0.156058227242
0.900151000264
0.996381955167
0.876932729863
0.294158784328
0.872558140091
0.587919780762
0.674495425819
0.755694528888
0.463708341779
0.980999292745
0.712620680049
0.446730447652
0.266796567122
0.580205375103
0.0800631461064
0.25853050278
0.830614701722
0.656913684487
0.465949793073
0.88347559971
0.107305460188
0.692552367046
0.189565059342
0.904419055116
0.720428795386
0.182801277918
0.612948511515
0.032479567001
0.678340800852
0.777728700866
0.56130499835
0.36827168396
0.15788511985
0.632865564693
0.376227308686
0.561573771526
0.983396851398
0.846217164653
0.22673132699
0.744433482951
0.426018953965
0.856212379299
0.303103689695
0.11271072696
0.94833115574
0.675590390153
0.51856194132
0.0310581377836
0.519291356886
0.836224900438
0.343727190655
0.536339042464
0.124489538889
0.91988585322
0.398909267668
0.114482929512
0.0967141692926
0.549938650563
0.42920437892
0.62577841969
0.891831108271
0.718980872835
0.287405264217
0.253603731852
50.3026541096
0.934975013989
0.327416496021
0.549723853118
0.351594654523
0.162053250309
0.807967612388
0.389326420308
0.0642500124206
0.881562293405
0.711123646996
0.33268124298
0.595974636976
0.581716635039
0.126528078277
0.523718756374
0.00355983292831
0.307890192267
0.815302656834
0.120804209778
0.387101350046
0.235370211866
0.928309122018
0.451522824075
0.354354848766
0.0624236767438
0.185348422809
0.550277446158
0.633528871258
0.848676212948
0.390297436782
0.703698706638
0.709515308789
0.923803494228
0.157183186682
0.628867675344
0.358557371105
0.491535150183
0.722194561567
0.909351018167
0.956355055723
0.553971172073
0.716631533408
0.314048652201
0.434608114597
0.781210818185
0.775791877735
0.623853903987
0.760996525956
0.951294020677
0.858795391285
0.591126163269
0.817598460114
0.585455291681
0.154345610708
0.65697604119
0.552745749936
0.403690130151
0.447429032715
0.0513630253475
0.281316859298
0.225633927248
0.821951830633
0.901005637738
0.00846735155559
0.941753373405
0.574314074362
0.97010408801
0.651797858802
0.179850362781
0.212921449537
0.658875432603
0.0369595489617
48.9327910959
0.291878402819
0.418634475847
0.884901230123
0.5416970977
0.286071517157
0.841155225293
0.472287696516
0.263329153524
0.32938565374
0.60635154114
0.673638363181
0.584666309654
0.445252590531
0.409518757538
0.449839231278
0.0133665702361
0.0316463415642
0.0695789172601
0.132656429483
0.169728321559
0.824462064417
0.41921749123
0.095146369694
0.797920798747
0.931207463995
0.405957596078
0.0548784029897
0.675652054883
0.560006701153
0.279171714209
0.634969976527
0.297274430871
0.0689167981321
0.738030912194
0.807934288735
0.205327523491
0.960556545226
0.915391558694
0.847340446781
0.845518654096
0.447047904784
0.0726195439065
0.412286122034
0.820140836633
0.21026992108
0.880351999672
0.389682707072
0.414928247858
0.982425124324
0.160196514401
0.119352970787
0.27434919553
0.571918436097
0.962367856807
0.626941215971
0.100336586632
0.959548578528
0.854262189827
0.489635933858
0.249455896775
0.0900119771621
0.294968792825
0.95970496249
0.103510638276
0.983719170965
0.970719279657
0.970843140902
0.0885853297443
0.79392371406
0.966274315425
0.652332466831
0.217525964227
50.3026541096
0.43416358595
0.647247837658
0.97601475281
0.0308579779357
0.401015096044
0.128368774016
0.161076780941
0.811141719911
0.41715928976
0.202680261424
0.461647961945
0.945765418857
0.519760855223
0.606676364102
0.962210488437
0.313175653702
0.219159529169
0.496376292519
0.00582199217992
0.56754532247
0.352874003962
0.00933612278117
0.88015070268
0.196879108983
0.259918332673
0.7875980156
0.386323098718
0.229556453975
0.900430836621
0.336576932715
0.915584069589
0.464312022278
0.545615509843
0.0948848589715
0.658769567303
0.0986536718381
0.662995927775
0.0900925188697
0.573591765719
0.630717923659
0.621981651313
0.0554285957707
0.734736715281
0.909562928512
0.844747134367
0.882416451249
0.691774499423
0.20889893695
0.0274231289627
0.28444834205
0.459881891221
0.199256268878
0.0566005935195
0.546297142042
0.768377509751
0.693590780541
0.246147096724
0.234565557543
0.192069475153
0.0413268334403
0.519335725093
0.744072848773
0.790415567207
0.0458377651128
0.161286488708
0.555179046231
0.879495878601
0.280363855534
0.766720228679
0.0770466714484
0.561797973466
0.677367796935
52.3574486301
0.00802502082992
0.951839955451
0.638814543172
0.266327662038
0.848635085743
0.694861555293
0.531453561723
0.934967374349
0.826722190591
0.545626776053
0.83326094306
0.0889246738883
0.0341995586782
0.404875287488
0.121455695996
0.0848565898255
0.416038275402
0.732520343573
0.650777582814
0.311982405966
0.0148961921284
0.281535500311
0.555147272298
0.797064130989
0.786059335664
0.542778836322
0.182138998602
0.20782446637
0.607695811213
0.775754669536
0.185265716707
0.1298022769
0.111422211443
0.500312776977
0.999076758458
0.491645557543
0.958182522026
0.324285113852
0.322067987772
0.0138419023772
0.18443952555
0.982060031905
0.232404459829
0.555886475133
0.243678711921
0.459093996979
0.561455574584
0.236887475108
0.368224681041
0.0773608102783
0.150142733535
0.204609108708
0.876370050841
0.416738325436
0.61309949753
0.927952056668
0.0498168622349
0.947332667112
0.235644240495
0.887871442264
0.206430487886
0.247739949832
0.628565308432
0.541732301694
0.593306035514
0.684245498668
0.765718673206
0.436102552054
0.72514725553
0.425960564696
0.0294380900572
0.34298345973
49.4250856164
0.792957947451
0.670896546727
0.88875775495
0.294477609573
0.768045865782
0.957976708119
0.835447457498
0.390894373575
0.82633912644
0.439985396056
0.202860240443
0.257292879386
0.718015112745
0.992454761583
0.492592555208
0.0234624794781
0.707441882057
0.033488975386
0.833956916695
0.702340720046
0.708432071669
0.929525950842
0.201267060441
0.841868808375
0.23980930504
0.862036557758
0.0139355999475
0.325284583163
0.826287099036
0.0301613449244
0.744384181527
0.194852983194
0.469660267893
0.0642847582032
0.15876613983
0.374034015151
0.815308832434
0.525546857839
0.815501657186
0.163088222567
0.639014423623
0.366292537807
0.446625415886
0.383119655466
0.279089190647
0.226458245516
0.846946758102
0.0435563377285
0.638817206755
0.440896199733
0.896022339256
0.408068237529
0.38420837435
0.632636109163
0.337941285828
0.333922734156
0.962064833312
0.767084391639
0.94392285209
0.759777588618
0.0633598645479
0.542160892617
0.682726573947
0.216911410537
0.156929299766
0.98937310459
0.523874927994
0.238891629135
0.718475424516
0.160827884051
0.498688486145
0.544679959995
48.247859589
0.779883385492
0.77718067341
0.644133572267
0.870175374565
0.423850097403
0.711522215805
0.454482418207
0.323194568645
0.848825649243
0.184202776832
0.465785820695
0.136889932268
0.629267209004
0.543593862784
0.59815829691
0.696605017231
0.796205432017
0.507787437854
0.88087574103
0.715167505496
0.363123365362
0.742232644771
0.185285579955
0.431619679268
0.922147856009
0.648310022231
0.590529431367
0.708386389365
0.935553454715
0.237843224411
0.00707825692663
0.901880523097
0.347578824176
0.968548240074
0.68308002204
0.381545973634
0.141555645096
0.415420109112
0.218519848396
0.572338109607
0.467350021663
0.653057144759
0.712192673996
0.395641741972
0.964116387933
0.223922649025
0.666488406058
0.983626594707
0.903363914136
0.567544134102
0.274989579452
0.542040271443
0.777335413587
0.78565003895
0.717881512659
0.236438726638
0.957698748377
0.618243949277
0.090174962338
0.976854233009
0.0495507349465
0.505616316315
0.587741282546
0.975900849265
0.565733552678
0.611293675165
0.576160077709
0.955317391011
0.546463646686
0.68092536349
0.167379361181
0.87594789815
42.3831335616
0.749273137033
0.612107740502
0.929188211366
0.0661596036789
0.0342637230784
0.610145905773
0.352501925692
0.623698403851
0.569673091874
0.804752917827
0.701459680508
0.965981824257
0.482753821382
0.202686512461
0.871334683975
0.403829490467
0.5809647895
0.85132332321
0.879256834173
0.613631097388
0.768475078829
0.0881705969005
0.61274787483
0.882951876047
0.782980383231
0.751315416613
0.461069051832
0.00457556313093
0.877831914359
0.225811415911
0.454381269125
0.693984871551
0.0744778071838
0.20100300162
0.535717745067
0.405279455408
0.610217028084
0.0137870698293
0.590769168699
0.420531382492
0.2062657779
0.45281222621
0.86048135616
0.0875781006541
0.781136401786
0.898615503589
0.361465406288
0.081252907902
0.234328792062
0.674696581251
0.93922035854
0.563052920391
0.925334297968
0.484529504287
0.579168346484
0.114244540735
0.472952128118
0.809511901679
0.600502257018
0.317406428643
0.499918260352
0.142851704325
0.35784588443
0.861409967655
0.947846845649
0.934391366238
0.0757265878223
0.0448372340946
0.58748411458
0.121369579391
0.44086044719
0.552836468206
47.3702910959
0.349274784936
0.120120497004
0.577249918837
0.382415039157
0.0992409666479
0.153710448712
0.0290939924427
0.791169917072
0.485173568796
0.79051216119
0.376510847981
0.144455639239
0.478136204846
0.568716475509
0.109073009853
0.535989781597
0.234281600084
0.58178156778
0.382155005512
0.0568959242899
0.901980497781
0.899819666426
0.281093519763
0.588184123636
0.999263063951
0.701921270984
0.218160052408
0.991668878067
0.986572795489
0.994416871984
0.0873460737418
0.574324598307
0.659832925343
0.790076168115
0.801960681431
0.701078576791
0.988825329522
0.623244786427
0.840040755339
0.431041454609
0.0258819316621
0.275918500146
0.422573615506
0.0521751917183
0.50988861241
0.58975494817
0.949532178157
0.389398535409
0.790601611929
0.239022852486
0.318722610028
0.761129988206
0.698276438573
0.339488738822
0.752444487841
0.459268277235
0.983609274902
0.768241153881
0.75696345124
0.627610323744
0.952990882958
0.0694523840498
0.839796361395
0.413706710267
0.92407301153
0.821077676363
0.609808956059
0.269154650736
0.126647301536
0.337491953419
0.885126006689
0.273328458538
49.029109589
0.673836693912
0.583064036219
0.433853973348
0.355547515357
0.228599332833
0.171668359615
0.972616163018
0.290681739923
0.990544975679
0.327134193522
0.0479003829148
0.34319455703
0.628063895533
0.679632359931
0.42521910061
0.434623365936
0.78076829095
0.772999452281
0.611082096371
0.709497509352
0.757246189598
0.157999554249
0.132781621589
0.374693741711
0.0531278555501
0.946523459553
0.200990055305
0.687229199153
0.314464696347
0.70172538777
0.380170059082
0.965491866626
0.371420667194
0.539097206424
0.891797234207
0.498908547425
0.967276179165
0.313480147756
0.175395276936
0.231050332638
0.80774450382
0.767014028356
0.332383636988
0.0911755687934
0.555600681106
0.51302396667
0.0777376708896
0.849210327376
0.395622924599
0.730844603688
0.824461300732
0.369166372031
0.794846528072
0.446581819745
0.525872167883
0.135996630006
0.0831302707427
0.274811954817
0.900699292216
0.930888159119
0.479035326012
0.496218526475
0.66599322557
0.529992615557
0.186016664451
0.346166448345
0.402848710007
0.301594225349
0.183926962858
0.389213749834
0.679939833285
0.576715251203
46.685359589
0.340833008896
0.854560794196
0.0598676842885
0.66815896127
0.470144607786
0.807436996939
0.613320511553
0.412990098524
0.958055988815
0.0314250453505
0.566046376481
0.113452849491
0.586299710683
0.496722617857
0.703638312232
0.751326313087
0.175213069262
0.289341600266
0.159131978239
0.350717467866
0.672117003052
0.876244807512
0.208415818021
0.364291643409
0.310007498262
0.58142019972
0.698453713962
0.957940487121
0.461559497476
0.147892603246
0.733320143842
0.0688874325999
0.81344330391
0.260672928407
0.243047837734
0.11223067115
0.485953488122
0.905644887967
0.0602879342872
0.210923617327
0.722950295378
0.439389215498
0.129782636238
0.824192879596
0.777113550198
0.24494538606
0.475650367058
0.649393727805
0.615509063725
0.848510833342
0.551483426936
0.672303063607
0.0704675396264
0.372077667774
0.598258149591
0.240849887586
0.0607759808441
0.197006897617
0.635057558102
0.0372832692382
0.508181594988
0.713540145956
0.707606521262
0.823777815202
0.574208200681
0.0312488689216
0.0196194094687
0.83647663693
0.842285134712
0.525421077137
0.57196025248
0.702971821475
52.5500856164
0.070188656944
0.094385550862
0.934615393089
0.758222399127
0.137795858608
0.00277356198172
0.776478645247
0.633909811993
0.81515106639
0.185718090816
0.777948950273
0.996230883469
0.975844749187
0.888990545547
0.551340532251
0.30712828565
0.880704925294
0.520074980083
0.194105554918
0.483958510416
0.156801067823
0.585179814845
0.0998692778351
0.332597335472
0.0967605119039
0.587187053412
0.652277712514
0.628982795196
0.903397359793
0.759539002401
0.426657777921
0.724095647988
0.504653886635
0.511062489568
0.524489958521
0.547377345844
0.563854449196
0.456730583406
0.66569345891
0.883585503224
0.310271889565
0.909361811265
0.663723860676
0.798086864738
0.81500644317
0.707256877621
0.908483278847
0.0855877749044
0.337177143106
0.252772884082
0.482043017367
0.617302147461
0.365425728878
0.636835047772
0.532178726733
0.461556931683
0.97973305074
0.724385918883
0.528718058704
0.652835083929
0.158547975654
0.0757721006252
0.0277008232775
0.484256034451
0.656228796384
0.579068468657
0.568351645723
0.19849365725
0.0757971336447
0.668339887444
0.327865120625
0.952131738814
52.6464041096
0.762004346436
0.00284043094261
0.159003470624
0.928456945262
0.139710434304
0.482150101768
0.635506701452
0.473689293219
0.12257544748
0.47224904756
0.730315257631
0.131650117746
0.217063390274
0.117529281929
0.751605179937
0.451867541019
0.946758628748
0.613743902903
0.16163576075
0.446119440438
0.221994795463
0.316893810072
0.903409701679
0.568413918607
0.279796198592
0.563051925739
0.860145767109
0.0934072710028
0.81913172534
0.074124911365
0.0725639430174
0.768259456233
0.956481249001
0.824552388737
0.338983093063
0.612927062224
0.626714535782
0.243943655498
0.823231113017
0.743893777793
0.0542826508396
0.63065190779
0.295367587945
0.0963383592132
0.919721865009
0.651285955486
0.630218949895
0.919740101237
0.846470058779
0.801159443199
0.188726131417
0.9219218026
0.83299563161
0.700677567917
0.707104724658
0.936530237938
0.25523890612
0.102661298165
0.318817634733
0.988954124915
0.0643660356556
0.485609093416
0.334360238768
0.635679593107
0.804835409724
0.107896120798
0.403858040161
0.452083153371
0.077776559195
0.397910976481
0.687476825719
0.543662165982
50.8912671233
0.074681565662
0.555129902201
0.658645321421
0.955702809546
0.806408964896
0.237128505116
0.165090349105
0.856385549418
0.652500153323
0.207530976824
0.372684483105
0.368328107207
0.855808296129
0.819896811492
0.217106205035
0.923565929671
0.587439731472
0.212545023853
0.988312561939
0.016970155302
0.20700787808
0.089315870348
0.672824320196
0.233103086802
0.34319964112
0.961270065909
0.678823624552
0.421511156193
0.419654317839
0.724325502125
0.569064152196
0.895455395707
0.251155004475
0.447831468376
0.426593769983
0.529079405344
0.335132502623
0.249080368886
0.478289690532
0.628014823215
0.463481724919
0.128756941815
0.601206128268
0.448424292448
0.279690601513
0.642324978285
0.336734455684
0.239481931186
0.406281486787
0.282351540052
0.0375758600576
0.684291301112
0.767565064915
0.446768680306
0.772526499669
0.614240875256
0.732706756168
0.868072660533
0.614075158511
0.871797008334
0.704105623823
0.378460669581
0.933813405143
0.196734403807
0.776085779857
0.885905044053
0.330658246434
0.0108040845998
0.088900290932
0.436164984194
0.816887286363
0.975838860434
46.1930650685
0.503047586161
0.235735775535
0.886986379412
0.200296295424
0.218900360723
0.510735505937
0.0943097887019
0.969239180842
0.966646985084
0.0767292841654
0.76055284295
0.87275349897
0.391545408101
0.494490960351
0.443037089609
0.207803895317
0.259489566661
0.686702342522
0.784807954773
0.528526646769
0.107888289306
0.890589916981
0.372544896477
0.219960128514
0.966856704027
0.821499066301
0.227284063213
0.970212785462
0.775720142614
0.92240578859
0.552953448841
0.0160685977965
0.119830549278
0.574365915502
0.367720548681
0.0370300538059
0.912695386358
0.142901831831
0.643152517066
0.572798615092
0.648419038195
0.735326694163
0.576188822049
0.839192686483
0.849456720871
0.544006148112
0.618926402903
0.817503085232
0.33468088568
0.650557549473
0.891217325716
0.492286009452
0.93276012774
0.16598668096
0.601078939407
0.112593506975
0.265850589255
0.581761972753
0.097916532814
0.351641444169
0.228599869275
0.206826218955
0.183558490669
0.239914973831
0.787463427381
0.565545798979
0.306103949096
0.74671150542
0.725333490243
0.631597393919
0.261582952566
0.885121172194
46.7816780822
0.956480459239
0.772792206931
0.0284291100806
0.215444800999
0.0368068148534
0.281837680959
0.359764751661
0.622049381748
0.494413525536
0.368036718725
0.758498583768
0.238661033666
0.60547895056
0.48492439996
0.460235845953
0.397095476907
0.240450248687
0.8688422012
0.0490009677799
0.474425999178
0.405547284223
0.163449713562
0.330772724605
0.51358892557
0.104579031976
0.00517386337956
0.0898318929037
0.492426587006
0.146072485079
0.444595629067
0.352921408281
0.116167788907
0.520714060153
0.0787742599239
0.786219020233
0.00834578043194
0.974103503797
0.76950899683
0.850122448874
0.175153722593
0.399820298587
0.822538288184
0.336847041407
0.618237657262
0.67780257091
0.502676510925
0.915835929016
0.970926975767
0.583038494697
0.759888188762
0.311982680707
0.0329023874501
0.38957019958
0.0412997096016
0.741666463044
0.0783013901997
0.79481017669
0.0641485466887
0.231599692817
0.812261236701
0.789170184033
0.424669975125
0.445488196516
0.8508994038
0.0960026537465
0.917921291578
0.643503864096
0.599731562441
0.806854599023
0.443543532581
0.399569806342
0.405527045652
51.6725171233
0.837034017659
0.372460694672
0.701458011578
0.856601817421
0.826488801154
0.249516451369
0.0586995003056
0.106548940341
0.110998139297
0.707048373123
0.243306983828
0.0964065469268
0.388676427931
0.464399644831
0.288310018021
0.550263305888
0.706789673132
0.288368286218
0.369102661185
0.619301391556
0.393884398671
0.789593869681
0.192603629628
0.0492769531178
0.562229052884
0.929881738417
0.519228954548
0.746438084013
0.805567913556
0.115464726045
0.442677137159
0.616880288137
0.717187494801
0.751202376404
0.0525268060372
0.554339451479
0.853295453711
0.130717658957
0.104646873238
0.451422309224
0.766711995788
0.537471191714
0.324419189844
0.109274414879
0.735873781914
0.431772956337
0.967773702861
0.920685609717
0.814150334206
0.598731519436
0.26503611041
0.201632989188
0.824472942264
0.132140749654
0.372588020438
0.0462613753234
0.924276069654
0.129304037948
0.457339604108
0.580301282701
0.365751259646
0.971796015213
0.539014753642
0.487924387414
0.0764135425295
0.0671617700996
0.715248738245
0.687036497336
0.68498034105
0.926553571514
0.39449836004
0.0280080190975
50.8912671233
0.617562875872
0.453305082117
0.161764611091
0.890841929144
0.889170073806
0.317443081774
0.902127829287
0.555779238927
0.21552497204
0.291136683551
0.807095353359
0.222341967373
0.0701936264812
0.420084053358
0.888761681406
0.551813607798
0.312026516198
0.905836628658
0.626781125346
0.608157096216
0.00791245000764
0.574060836578
0.373152968162
0.0723702810072
0.0758449738227
0.803737314284
0.139819119649
0.605278892227
0.373301275694
0.792297625776
0.394074272993
0.23376700804
0.855933592542
0.0316984816585
0.486788560372
0.635445026478
0.431573115933
0.870433458952
0.338442709902
0.196755131322
0.134546399638
0.0364822163397
0.00797570171164
0.719514263625
0.245304264695
0.996197218021
0.769444924631
0.650894587663
0.980363205946
0.0241279467109
0.32149883047
0.711841462008
0.377559297408
0.85878262844
0.754662093552
0.798928907005
0.00161460088633
0.819327445573
0.901433263812
0.0346525735365
0.0950160702151
0.258223259462
0.694194924839
0.841160213456
0.799206958017
0.224799828231
0.155936349713
0.912419645027
0.0710907210889
0.214767524596
0.648788657773
0.959824224865
50.8912671233
0.919847429644
0.880666555735
0.00537246885
0.10623581479
0.589062669092
0.578253680613
0.167958062677
0.803465252608
0.309168950317
0.623826430902
0.960438032565
0.148190317271
0.24519961384
0.137484827601
0.618112441873
0.471311202002
0.26485523639
0.347330601564
0.700286482284
0.0757434792198
0.151882537238
0.229603910448
0.0106806275479
0.997648572495
0.889765784977
0.359757559057
0.150653292022
0.666101721856
0.640730702117
0.849468717237
0.330235984778
0.336197456018
0.0450608735159
0.244588138171
0.0619809669698
0.170592559106
0.465726651909
0.259026879086
0.362621408571
0.844486540066
0.803326562844
0.219580517707
0.0875440431189
0.549039600178
0.506341212173
0.0966908722584
0.0230743256493
0.268228103983
0.401699692642
0.996145220419
0.361574087907
0.20413754656
0.970658489438
0.986713016347
0.184351694381
0.22569302246
0.694992885746
0.138720111513
0.57738469984
0.215827194597
0.0985008706745
0.648560473498
0.00485500367559
0.192085763053
0.108819544826
0.924145402303
0.565496508731
0.0756704337276
0.364554025849
0.506290251133
0.756755274567
0.983919387624
55.8784246575
0.0927188550505
0.701038645404
0.371762175732
0.921225247819
0.181491904501
0.797924199937
0.15411805787
0.743390550678
0.0732807820034
0.749169738807
0.835491393572
0.270420712996
0.103101738305
0.184824013693
0.18102843741
0.422754501633
0.907271073109
0.638835923544
0.667575885352
0.255932001037
0.527409040121
0.861066231394
0.419716027273
0.768700083569
0.83475625596
0.0902367844619
0.0286144060201
0.359555376376
0.899802603665
0.162817233775
0.87867997297
0.806724732609
0.932228640572
0.332849250778
0.607037742407
0.64658319744
0.416159503799
0.677708247491
0.320813950749
0.825509479145
0.0657313172977
0.964802594788
0.197233710985
0.500178916121
0.225970097445
0.854210341236
0.0915311691729
0.861293947214
0.343983159077
0.312253432012
0.777672161204
0.855752078704
0.135463022217
0.111009427858
0.446889367605
0.682251354495
0.0715038185303
0.2887607232
0.0890299720126
0.935333324517
0.810730197336
0.446381265016
0.381715816138
0.272863512506
0.201738730622
0.754660772006
0.712316055611
0.481949386852
0.480851822266
0.547566452755
0.957732316968
0.818295827008
49.3287671233
0.290184110989
0.37644222534
0.646996353554
0.493998093269
0.141021378862
0.400145435405
0.131680202259
0.188772296145
0.947511956953
0.986121075169
0.389118839682
0.459623364456
0.255670630013
0.397413501214
0.0834453371698
0.923950513741
0.792695046264
0.440615655571
0.509438519111
0.091090214942
0.96159461972
0.949755782188
0.0441831168901
0.717296665365
0.90613193894
0.98112164618
0.73154242786
0.559159753609
0.771076672563
0.594022253308
0.62444346843
0.400460531635
0.782771975591
0.0924870684193
0.509974633088
0.227464181931
0.775013395439
0.602902734435
0.642295849309
0.427650486761
0.785240278438
0.862587289775
0.108361233536
0.886881796544
0.346039675785
0.0943018882925
0.451454248931
0.860008498543
0.0969627504637
0.841700019197
0.177535359355
0.489911986252
0.341653682898
0.640714222364
0.769402188101
0.849985128154
0.175291076841
0.401880310549
0.833662171727
0.385050235009
0.807341866994
0.378599086467
0.0055177179188
0.625714530961
0.704627723258
0.596335561727
0.236363862273
0.0511631197507
0.179703958872
0.617755675478
0.0891984221894
0.975389456313
50.9875856164
0.0495509361121
0.518800513567
0.666844655569
0.331863311722
0.989577972273
0.950698027314
0.797986415079
0.231636246296
0.207939744547
0.162912251029
0.106015805664
0.169884575135
0.065165199832
0.862030023599
0.585693341456
0.755889838408
0.264098957756
0.781585203341
0.312620599418
0.841456768916
0.235155217912
0.83782039012
0.910525378681
0.922768762251
0.341884166609
0.74638614229
0.401359353846
0.690680844529
0.53185088256
0.974977696251
0.0632082340569
0.604450141795
0.0578267430194
0.906909184439
0.921014417809
0.363903848139
0.894293331445
0.0906253545919
0.495112147852
0.155044694961
0.474258840746
0.450150789413
0.432575170595
0.544093919677
0.37138698312
0.331476622864
0.646376889932
0.894971733817
0.552438393929
0.259884761288
0.587363024019
0.185215292109
0.825024538548
0.283209601068
0.274036761952
0.0953341625093
0.105674118313
0.776037247706
0.705156420183
0.246603292981
0.133211978301
0.579842233804
0.280145597294
0.462293481179
0.252450511429
0.3540617392
0.852315832747
0.927339343271
0.893193566143
0.0131073086577
0.0399017599576
0.121444781827
49.4250856164
0.369552851342
0.124314071196
0.419908766342
0.400625956876
0.624576844999
0.141827458109
0.22977314573
0.102191751399
0.545192197656
0.351427422516
0.20183475743
0.048161742763
0.472457640534
0.40129015751
0.155622181081
0.322121670137
0.532130391091
0.293687315313
0.972950373712
0.194516403215
0.410545059184
0.712622726165
0.580830824336
0.0713804117699
0.200805053663
0.562406616052
0.567194212928
0.341505733925
0.944286488852
0.592167326959
0.0544255641514
0.997047444751
0.492454589082
0.98130053462
0.455711905567
0.902566624712
0.313992597758
0.760855967027
0.739202421929
0.587510829568
0.872243181697
0.945861624479
0.824981112839
0.43713205838
0.19796233679
0.253585496556
0.739851948645
0.156842222036
0.282385796891
0.282734783017
0.1549365265
0.385006112671
0.915607937524
0.0285926102779
0.931084227667
0.329171871437
0.595273182508
0.609092252115
0.297094870947
0.3007389583
0.130579911692
0.076828846274
0.285753872829
0.0230636200963
0.566596866354
0.192008616016
0.0526799005674
0.588001860083
0.0538920541516
0.0313355862292
0.702985030424
0.935889905239
52.261130137
