50
22
0.691638202226
0.276116998515
0.431958173114
0.106696052055
0.752552755953
0.555052065985
0.557337593983
0.348556970856
0.0753034805259
0.314808146692
0.211117555009
0.433432010647
0.700534068803
0.302316316994
0.509091284802
0.333700855866
0.420383573218
0.518993736925
0.330510263002
0.312117946929
0.89811531538
0.579630369094
53.3901601831
0.394744378212
0.151792948663
0.358058289307
0.782213197878
0.470754583095
0.784608719729
0.470861070518
0.763687947615
0.344378051025
0.19307677968
0.0590582196845
0.616658301813
0.168425832479
0.460630280622
0.247949191006
0.34202262168
0.820593011439
0.845354473102
0.686789736901
0.512548165142
0.894181360394
0.752154676089
57.73798627
0.465295814635
0.0223828046675
0.94663449835
0.478361746028
0.350459993496
0.797504247961
0.63088554589
0.607775045344
0.968680360289
0.342106753636
0.334517282106
0.928142910741
0.558201924663
0.995925353786
0.95173480075
0.747080622084
0.916870527814
0.777497568954
0.413150665055
0.481425871806
0.17019924575
0.688362629903
53.3901601831
0.598382566837
0.395031733136
0.984747298934
0.353198194556
0.256463479822
0.359997128751
0.851811454517
0.870894567935
0.559064318191
0.516334799797
0.0664299358888
0.751566419223
0.911529091098
0.705076774408
0.0266988282202
0.814502002542
0.646722559618
0.549817336485
0.47840098358
0.922049874355
0.2266903935
0.0616934946993
54.2482837529
0.329947427517
0.424443112396
0.577131827135
0.642802951657
0.662631266558
0.190561035261
0.179684814606
0.363059570697
0.561194092733
0.0996284201221
0.547023688203
0.385486347294
0.389704891176
0.868852222231
0.705769312394
0.414945875931
0.137751445697
0.0919957920357
0.312211741357
0.0453083194048
0.461944245458
0.363890597281
58.1384439359
0.0258453753884
0.88005687845
0.0477328901376
0.365885438083
0.765716616846
0.301330757917
0.916534998367
0.787233168119
0.474584025061
0.762405639363
0.303177610631
0.95741491199
0.0158909750237
0.478611645952
0.728651099673
0.0644017844727
0.828550812665
0.391688814083
0.893175572991
0.83385411079
0.96454450947
0.282580060535
57.73798627
0.0145797808715
0.544258141649
0.134330820813
0.907661652102
0.236992523638
0.253000275802
0.385068942486
0.0334111726981
0.734846555466
0.10837877686
0.0366536644439
0.24451299534
0.137194991634
0.622552992567
0.500563029872
0.400401247365
0.897340216579
0.780430072775
0.606518489093
0.615240281236
0.232775286402
0.85948918935
63.4016018307
0.0619575572456
0.636342642626
0.260437839306
0.83554325427
0.669318971035
0.496024539433
0.952276498938
0.249438138316
0.926140342756
0.311898810452
0.536129780801
0.409689390735
0.632968318444
0.110605394048
0.966917500765
0.806056456508
0.134081233814
0.549979297206
0.0931446780835
0.609054395715
0.816024270711
0.414656063247
51.1590389016
0.143717945147
0.130403102895
0.48895711146
0.760114742291
0.160074450607
0.119414025501
0.275814097954
0.580158358214
0.998623267694
0.770314382242
0.634276886267
0.872831879078
0.528499298482
0.315508881248
0.136559602395
0.979777684374
0.649629683036
0.0797789409155
0.632006500643
0.0740285343796
0.756112702969
0.870419407157
60.3123569794
0.41750211705
0.671238040363
0.269909188728
0.578312771168
0.0406939280387
0.0393486297852
0.869846426775
0.864940890934
0.361027505864
0.381697019254
0.0409345631657
0.810334207359
0.493594174011
0.668557179902
0.568995513723
0.396958464455
0.260791164465
0.992120807934
0.605604366184
0.70453892817
0.776794274193
0.319915292451
54.2482837529
0.928343289449
0.690822103812
0.78984301989
0.52165918586
0.0213679378009
0.433274956133
0.407338295766
0.544555170221
0.601286359845
0.706721627911
0.828752529684
0.612020527731
0.213350400882
0.77191765778
0.711352337911
0.320855108688
0.522959612992
0.250061699758
0.793733683277
0.511846801012
0.927477658644
0.958244742756
51.2162471396
0.40216952998
0.788814497972
0.113361217594
0.58083682671
0.464770001086
0.561088567366
0.183601394837
0.0518112643836
0.658455033593
0.484428820866
0.980477624512
0.523006358866
0.313739535063
0.175379981825
0.228624076211
0.793324621256
0.70233104081
0.0740646547944
0.123408563952
0.0738694905608
0.332539868213
0.330413793816
62.9439359268
0.989623949806
0.964019553668
0.877501775407
0.588834671081
0.635492049886
0.51344026041
0.361213114727
0.546316345914
0.0269800429344
0.245033146449
0.227378491872
0.158972633603
0.907429375595
0.0138225494941
0.916070920328
0.372022574455
0.987497166673
0.576779829111
0.573204477089
0.248208401362
0.330410116023
0.748585084297
55.5640732265
0.517819461161
0.369651009947
0.557530910473
0.0183263733127
0.0921800476879
0.388142926313
0.499237128274
0.502136433239
0.519684445793
0.598878776436
0.916112647304
0.106766895901
0.395587552968
0.412623254287
0.915451549837
0.779100010028
0.435536113282
0.601316591507
0.688074529921
0.716597856784
0.106916372243
0.192117524878
59.9118993135
0.190457799085
0.413689071018
0.768014234342
0.884883766894
0.397174493108
0.419093059083
0.939987917353
0.868089971957
0.748648577213
0.679081717321
0.336653110245
0.908183207645
0.419221252842
0.341678650725
0.277080629601
0.587375921905
0.0305298646107
0.896795892993
0.106006574395
0.56487641274
0.43519930606
0.527308122938
52.9324942792
0.247054983498
0.736556796195
0.195845924864
0.546064385904
0.513772991232
0.168058475083
0.38439393106
0.793837310608
0.303478483702
0.676335109211
0.326704301541
0.873209828406
0.298920255743
0.934633081699
0.917516187678
0.0933993920138
0.302750666285
0.975909469586
0.130700819714
0.00101969530848
0.829810795251
0.969687512079
58.5961098398
0.34982791604
0.371779890419
0.0822280985643
0.147349578855
0.144044586051
0.538121307025
0.932326567279
0.750867640444
0.114266738808
0.927791671745
0.538349379542
0.879971234026
0.434682988275
0.6883568259
0.217994060923
0.112752934499
0.714571059511
0.272649945338
0.204760138496
0.774711323756
0.805426695251
0.860158258939
61.2276887872
0.912109297611
0.731231456459
0.178405061903
0.48934726577
0.330438037074
0.578502831754
0.497074656859
0.775922456611
0.181862827931
0.107874860566
0.0104837124279
0.0920285298869
0.45781776747
0.918649835426
0.39153910491
0.0813861131073
0.964464736104
0.0543133965918
0.645697758334
0.385365979439
0.500916053282
0.537202505151
62.9439359268
0.714970552192
0.455000767207
0.295269635162
0.676610907353
0.402238727248
0.323934198957
0.323456649336
0.0253321058221
0.240882792144
0.217307800051
0.135901671425
0.859639828914
0.934723929422
0.871585117547
0.816995342134
0.0577059961162
0.993277900797
0.44031343767
0.702379521738
0.251456191401
0.18732145483
0.86082300719
57.73798627
0.479044948437
0.126862627972
0.449771233554
0.556863749164
0.293241393408
0.747674619622
0.846875176649
0.352179484122
0.491200317366
0.777586547513
0.244716428787
0.47001964758
0.617670026397
0.475843330576
0.29602974712
0.493588508776
0.297263328574
0.341283393699
0.372330405437
0.162431889746
0.62361769078
0.279819136135
53.3901601831
0.0663556014462
0.879761384698
0.681367893519
0.170354900486
0.889818363725
0.805716076733
0.825931188526
0.704142441798
0.791473955708
0.411561758893
0.346104954047
0.372573895068
0.120498784402
0.369827652037
0.134476852193
0.478412246063
0.66018180623
0.65538062322
0.990647484492
0.0454592979701
0.356928431111
0.73243690452
57.2803203661
0.182265546714
0.501661142076
0.369576931618
0.702511312264
0.888875489025
0.01065112418
0.0640273471627
0.288303965356
0.153577667259
0.326730316174
0.578182891716
0.528524504727
0.96750100416
0.0482854820056
0.582203858307
0.0586538105514
0.112088140612
0.144644548711
0.859074027167
0.852643223366
0.384193096934
0.63136957379
63.8020594966
0.330479570335
0.300551259549
0.8289914251
0.268987213838
0.153000459604
0.497117833905
0.605702866585
0.160156694773
0.509614371439
0.616275975269
0.111126509075
0.120275279091
0.721513093281
0.24660104663
0.985988442727
0.696521235452
0.305231430228
0.562697464367
0.629101914148
0.71033430641
0.600088611959
0.207522915296
56.4221967963
0.844339986215
0.198333678383
0.590942197258
0.760650077683
0.245420691193
0.626673450487
0.55125448177
0.667465837482
0.0435046893724
0.253835601371
0.131471403463
0.504308009263
0.842605423996
0.51686046061
0.517713949764
0.454539553916
0.0678117764462
0.316014675088
0.285782062101
0.870560297636
0.651323226084
0.0728966794278
55.9645308924
0.57547104429
0.796756150064
0.601297502189
0.436979664204
0.210200466768
0.328385824008
0.0785107431326
0.515592043967
0.38695557478
0.681405054221
0.605830152304
0.502335427071
0.561541192931
0.848228314776
0.0354991522764
0.578940083977
0.154148132138
0.714428039097
0.899235044512
0.965557916023
0.700232096771
0.511371338485
54.2482837529
0.766139161624
0.994492923786
0.0717050885146
0.479794220731
0.23341952693
0.0823691762393
0.393439315888
0.619313308759
0.174926009567
0.475736280634
0.280083597288
0.398875059259
0.872497980377
0.645112348521
0.0181922693812
0.303142482074
0.655124467602
0.202464466532
0.318666592838
0.0898193582332
0.6709168151
0.217126665261
58.5961098398
0.264508657732
0.632911959459
0.416893836749
0.805155387015
0.0788877909397
0.226928265393
0.651579473902
0.867122454461
0.338519462058
0.227014684678
0.315412950367
0.849345540513
0.257356688952
0.900030271987
0.0839714301165
0.403556136115
0.66559394523
0.361558446344
0.179005172643
0.82000502
0.30898356497
0.473856212301
55.5640732265
0.0622851890769
0.109005225402
0.093464650718
0.579740876106
0.637263399346
0.605912511953
0.900104478839
0.947414265871
0.583545286915
0.974543331128
0.595352404531
0.801224449515
0.449175056721
0.48403029676
0.861606270896
0.813364954535
0.125733290385
0.434115154382
0.473091312414
0.931511485868
0.331247103072
0.603879248507
56.4221967963
0.642051563398
0.417396144648
0.725912798961
0.598911491936
0.0602537621993
0.971319148252
0.285631027656
0.971913834969
0.260803759671
0.817598046607
0.558354441773
0.991744233239
0.92527542348
0.625954443382
0.428247851031
0.935897117401
0.761152044719
0.14383821335
0.0126608801127
0.781421361348
0.574580245423
0.414689222056
55.5640732265
0.31691312477
0.169275750942
0.163436383542
0.457136543191
0.271891806853
0.517121953638
0.655705460152
0.280135178589
0.779461932225
0.155554985226
0.918172524224
0.109040276658
0.390688945235
0.362771181074
0.660426580154
0.697618851261
0.241873887002
0.17267366273
0.85917699419
0.600998999333
0.873401050351
0.831415308517
59.9118993135
0.127882399183
0.284556621337
0.556398135374
0.777379220207
0.656692103288
0.943739639519
0.752208907933
0.0195966935797
0.347699992968
0.909829715177
0.329678353524
0.789602687443
0.770510942528
0.51664146942
0.165250335423
0.341728789407
0.56311971764
0.303159201177
0.750877749951
0.776833688695
0.903102383856
0.427111105704
52.9324942792
0.434745181997
0.764471141471
0.674120210855
0.164480993126
0.91980406354
0.0384954414489
0.952736080552
0.369957508206
0.645120327162
0.541104389112
0.440543391458
0.773320847976
0.675034564733
0.0903197578527
0.466607466998
0.986766980903
0.721134682018
0.445905266048
0.185219459778
0.0981693654726
0.922041055661
0.648722043063
57.2803203661
0.59396275949
0.725278170613
0.00600418867791
0.508521599439
0.997091897709
0.405856990889
0.461314868838
0.115176295443
0.53922395477
0.198757068802
0.339526821534
0.248347309986
0.43434246694
0.370929011763
0.316491868943
0.560590108622
0.515113831245
0.0453720106931
0.63620758502
0.408897412644
0.727516212335
0.685020560216
55.1064073227
0.562477451516
0.20967966839
0.195780948351
0.287568675007
0.963383515298
0.192183015482
0.482646458516
0.166231611347
0.653571543088
0.425344755583
0.669924647358
0.191445083902
0.119348679253
0.993086321224
0.884379812416
0.368501985132
0.251593601528
0.193043743806
0.893920049906
0.626126603948
0.711479176595
0.633735624869
62.085812357
0.399101161097
0.69098634441
0.554007616588
0.105168601076
0.644943059223
0.923140944829
0.73435813638
0.097880316473
0.978058674311
0.987429195957
0.122047108183
0.845419889199
0.974095360312
0.235793159906
0.647900719929
0.765265880003
0.760488801484
0.675539890117
0.208840128586
0.173181762525
0.159529418285
0.398540647399
59.9118993135
0.955479119833
0.146008891579
0.276741274281
0.346367621472
0.587534260713
0.407896971033
0.159573481018
0.286368148054
0.282047559158
0.114972022875
0.151404105655
0.873676428466
0.879421618665
0.413441857028
0.565856576665
0.674162747151
0.952267293746
0.646139038528
0.306428589519
0.0233201920151
0.382063847659
0.0825013569897
62.085812357
0.0564335142495
0.596088873003
0.0686316085331
0.0469897962369
0.664254301036
0.562617638846
0.397417124991
0.320944001565
0.348909885301
0.204963298133
0.0895908219178
0.692875249132
0.350934096291
0.869727337626
0.0599571583109
0.532196914531
0.653567061564
0.131630139014
0.907677282488
0.261392442152
0.399259113406
0.0430227010688
64.2597254005
0.664804187412
0.601620813614
0.626487196216
0.344335855593
0.427630369262
0.466759515653
0.951883771384
0.510466987012
0.495847982094
0.380885010277
0.822678224058
0.508104251442
0.644521494196
0.294190702616
0.96445076999
0.138988295162
0.153872844361
0.672342410123
0.649198860664
0.844111474114
0.221879099122
0.734271330596
50.7585812357
0.408716090658
0.843854570644
0.38468260753
0.713404511862
0.818283603399
0.489061014463
0.569813658253
0.0173328197633
0.975673996781
0.69804860075
0.407225635537
0.160916408125
0.300467730158
0.354558707827
0.423142675951
0.347827685675
0.278682031318
0.541643017661
0.741719824103
0.57553178608
0.777712301207
0.486487732935
53.3901601831
0.919515688818
0.138704536074
0.55658602039
0.0911752968472
0.537777599635
0.40608792536
0.596529156682
0.924383612266
0.17753926346
0.74578307367
0.876845070057
0.549022758141
0.402530920392
0.473980700327
0.221105918845
0.0608092113649
0.374901999409
0.702129093754
0.838656567849
0.712777564131
0.728756275795
0.957539578829
57.73798627
0.186430991239
0.50072974127
0.326499526058
0.45242948616
0.776081182849
0.584621721654
0.522999685939
0.876402621985
0.551418558456
0.420887754938
0.56255950476
0.587367234528
0.461167865158
0.480702081428
0.733701702976
0.0758914850034
0.852033586127
0.429178150082
0.906766627824
0.57799641579
0.307078846391
0.640505337886
53.3901601831
0.0793224093832
0.711386417798
0.554416821101
0.924023168077
0.554387618551
0.0101172006731
0.0712146391455
0.336233028815
0.376466420169
0.23270126209
0.00800979184317
0.953747393492
0.650396232296
0.318650854417
0.0583390374909
0.482176536428
0.368007880322
0.868458455321
0.898679808619
0.575952755059
0.367598254851
0.02201473481
60.7700228833
0.823704116852
0.744092086172
0.0512154665987
0.610464026938
0.201844961
0.716893525624
0.48475650392
0.456497294551
0.376175232853
0.148575746981
0.505877387453
0.698082601474
0.635599122179
0.530851321048
0.464715827914
0.0106330788738
0.881356024082
0.192438432561
0.22242638152
0.602612396485
0.613836944822
0.259510101392
59.0537757437
0.0325281066023
0.859577728325
0.864713408876
0.452080899571
0.93006472002
0.511660223572
0.699378863731
0.59133117065
0.253577251558
0.199482975144
0.914702587673
0.6928687485
0.924889204009
0.313516487963
0.557096094589
0.520928175869
0.111704204743
0.9818716477
0.885892041859
0.478507423505
0.898016166778
0.0815301887096
53.790617849
0.407035634555
0.708442108532
0.587331940197
0.148012665627
0.602088534056
0.280417212867
0.263706472346
0.0584839186873
0.977545262252
0.338916303264
0.235590462204
0.363296044675
0.0594621082082
0.087108248415
0.987490517029
0.140968864376
0.958398536709
0.481671439217
0.264441807398
0.251607892673
0.12967108987
0.513555505991
62.085812357
0.914293226698
0.863759806271
0.953919798995
0.949680538774
0.112805042928
0.129705411901
0.762987085467
0.410573804455
0.596559059587
0.88419011784
0.93610917117
0.6589439677
0.528681267737
0.241591898359
0.691419982171
0.974192807387
0.622377005197
0.966526767172
0.197767556261
0.487864436317
0.147278611143
0.492891741654
57.73798627
0.631842949223
0.355032020861
0.44360558381
0.466345315526
0.805621639692
0.63662199842
0.569137234941
0.685225425105
0.989117436985
0.767675796375
0.703997847449
0.314904918559
0.553448886373
0.486549051214
0.93825433116
0.250584525625
0.0592181761994
0.100048327394
0.0673263785707
0.50352332529
0.415202543777
0.95950533629
51.6167048055
0.0202091229232
0.485706714648
0.732358180755
0.0227886526939
0.545508292263
0.0679518780952
0.498136640266
0.377252937916
0.780287866337
0.286450756366
0.696113743641
0.598625654136
0.326730233286
0.572750514144
0.495930985287
0.820831285663
0.461608846397
0.38217150948
0.138549440132
0.391753056714
0.103573378684
0.0956627629161
60.7700228833
0.641816169754
0.989932151454
0.163247380939
0.070094925846
0.951343127453
0.077204430042
0.901138436887
0.711990749292
0.161698565419
0.562274651368
0.918360819022
0.449693051818
0.432910942186
0.550228187576
0.405170646198
0.478970190242
0.227285326087
0.0529802455786
0.272313539517
0.157059026481
0.491532304061
0.535662585625
56.8226544622
0.790184778022
0.92014539792
0.409209386149
0.17394773809
0.360801954437
0.599282083815
0.348474912955
0.697310725049
0.047590133288
0.00974427676231
0.630154461394
0.693228276267
0.487979505878
0.688822550518
0.741119750616
0.247315549859
0.813815546092
0.657053326994
0.617980048781
0.794400350984
0.204581667288
0.0778868473457
57.73798627
