30
44
0.892521449268
0.963239395923
0.746743333369
0.811305438969
0.147142634322
0.581106858102
0.162357438888
0.744182912474
0.00388052361246
0.325636932295
0.918896880846
0.582648893593
0.22582143601
0.111088575375
0.634138528985
0.805033994705
0.122957207779
0.492437297216
0.848008912872
0.656117802291
0.304626599546
0.922699378719
0.794556875576
0.463046846637
0.627269201705
0.596193590913
0.93173873137
0.224690070003
0.962491840987
0.752740414658
0.854015921129
0.349431795678
0.41044748638
0.317798757591
0.212765168952
0.416402196218
0.583526656738
0.753540174881
0.269501139055
0.83514526288
0.585361324958
0.995860585888
0.706911590708
0.278724273316
41.6739130435
0.310141325591
0.352329494111
0.322705034765
0.765264762416
0.687243261193
0.236076706652
0.231270891244
0.262934988007
0.496171907261
0.610616551499
0.198152144056
0.693363902911
0.376814120139
0.020609596287
0.732330498122
0.208496620499
0.660005242371
0.083561868907
0.561324034584
0.615887386513
0.643408008651
0.317461574116
0.114097368485
0.827430045108
0.937703953046
0.179353313129
0.636784304662
0.206526008986
0.50809731402
0.189849802837
0.566222992494
0.688689729017
0.0361314420737
0.0185810937623
0.786303584323
0.550591660425
0.226817705296
0.405581289604
0.392128389956
0.702538734126
0.686076895151
0.79361276501
0.586984534525
0.379392323706
55.152173913
0.993493133169
0.54642788483
0.337129112938
0.104923715393
0.595380277153
0.627968223559
0.409386847803
0.804607076437
0.143160827983
0.617501282854
0.416560244453
0.941849922685
0.902057335619
0.935694711204
0.495652247891
0.552661088989
0.855096303745
0.156628021569
0.243901398599
0.053756197471
0.127424598258
0.280741812312
0.537629489543
0.699100626456
0.355938353257
0.843724483507
0.858901721314
0.559889977563
0.629224375616
0.73633645645
0.754999358984
0.902968047094
0.62281405253
0.610171893398
0.055704888445
0.842682292567
0.554749757746
0.744357915437
0.473399673318
0.14117680263
0.586463757567
0.248191320905
0.210974108981
0.0321227661467
50.0797101449
0.293969616881
0.474712805553
0.202550281388
0.942886440007
0.834366106307
0.520218679431
0.612017121884
0.990134617257
0.432653606582
0.684710087072
0.21437806319
0.123877597558
0.813863017467
0.768279725537
0.284911197262
0.794949656215
0.205497161104
0.0784360631693
0.621141929902
0.020927009647
0.535284691246
0.0233650594115
0.322628137323
0.725483288822
0.449246496613
0.16612938193
0.953557823713
0.226182503253
0.77507460941
0.614805126351
0.71315927507
0.745709514088
0.0558236097216
0.623556034431
0.238923717854
0.82153799931
0.778914534343
0.279645213507
0.667640474435
0.489035924633
0.925451279534
0.151384355097
0.579244618078
0.113008511765
51.5289855072
0.464849509956
0.77202045344
0.448477131034
0.742678707307
0.419778064532
0.8345600235
0.229357559794
0.865105150159
0.126412861567
0.972530821274
0.69746917189
0.432037641938
0.315003306269
0.0016810609966
0.175056610794
0.0352101153839
0.63575119598
0.497616136186
0.263936054536
0.105071102778
0.255002126669
0.584372835009
0.211217869626
0.00795170432285
0.146749400129
0.808931061866
0.532841768801
0.916671058076
0.704450429242
0.976663054836
0.519924466247
0.329579306437
0.298155643635
0.822720104702
0.252919834677
0.113038068218
0.40194989804
0.394356773863
0.748591561645
0.9423384051
0.916706376622
0.0191926150662
0.864798304516
0.0160562894373
49.4033816425
0.313152999281
0.734411390336
0.588091348075
0.918845577079
0.2202513298
0.0518977879761
0.329124760484
0.507668470708
0.0838879798885
0.934311645026
0.850878049505
0.696463493452
0.520878516818
0.857099661492
0.454691317586
0.0142509541533
0.993283868712
0.831444622826
0.049112920204
0.811675919089
0.428039231049
0.263152116553
0.726559621116
0.990988677311
0.406895474233
0.522474752489
0.47278924725
0.134462711922
0.551673047938
0.0998738795
0.634185847622
0.906250169409
0.729828388266
0.222718806564
0.767857347466
0.6026748249
0.705332823855
0.807923519852
0.499545705245
0.72596255487
0.859863982425
0.625520901547
0.0143495691068
0.456409303194
49.693236715
0.609309696378
0.548174449935
0.805259433442
0.897986551652
0.140584409761
0.761627497
0.304505292918
0.97238428698
0.0937580843843
0.8110899272
0.0227168020886
0.836491471036
0.814497605768
0.358562396522
0.820895929694
0.698314009057
0.801820688746
0.526098051791
0.940202114095
0.906330218447
0.976162285481
0.700001748102
0.414549921345
0.187283796801
0.392753489943
0.670966768449
0.491019201202
0.907414292826
0.0253129457228
0.985149042622
0.683077742162
0.232125071439
0.24505075124
0.381178864901
0.0816164282488
0.0590887866227
0.61998486591
0.188110114619
0.548796896584
0.599790347522
0.659570016705
0.559306973357
0.419711691035
0.484507387238
47.1811594203
0.129639104528
0.417268143673
0.336856920877
0.265728233026
0.562657111091
0.984388569311
0.842417416045
0.195007374125
0.588287503236
0.774658651877
0.353364382551
0.148258430479
0.709271141155
0.921300971795
0.144365560789
0.574484621877
0.147617683341
0.715344505214
0.963507880389
0.342946735818
0.386109494298
0.230136343839
0.905832615589
0.363768597749
0.0301180486692
0.906790913923
0.169683043449
0.856980038695
0.614732839887
0.975576693129
0.320864599796
0.144997363504
0.982202784098
0.588240431399
0.689617533987
0.843541322159
0.854690127893
0.536268869171
0.525402066049
0.325992574584
0.227336854302
0.43008795538
0.534496043564
0.336184663371
48.6304347826
0.206643589392
0.214199566836
0.425405096904
0.624634479896
0.919161007653
0.893255727269
0.0870852959702
0.483210233705
0.115493737675
0.344070324351
0.0249783066205
0.0532369218055
0.0946167712491
0.0885683312446
0.679859046639
0.282039297395
0.573504366683
0.90267252354
0.25449584109
0.402922337575
0.127071455639
0.136127696894
0.673123081027
0.813589213286
0.8234275513
0.618262389464
0.298726376735
0.227996756882
0.679443151505
0.0246880962615
0.0331402165021
0.976648433072
0.561628647846
0.57993599191
0.424958121673
0.330324804081
0.157325730258
0.971031146059
0.410255302379
0.72225150263
0.641211294368
0.347004243782
0.311123815028
0.743704696959
56.3115942029
0.662113846087
0.279340805136
0.717020218091
0.788054061913
0.275142409487
0.558367902178
0.873925727687
0.218243246523
0.44412793284
0.700578378337
0.206318874463
0.932707844221
0.739377193924
0.0418925672011
0.596960660782
0.204730858645
0.855739206895
0.291857512323
0.0494922143612
0.670235676502
0.575984128523
0.423783683859
0.358844947684
0.3390165322
0.804494664871
0.775819199014
0.414463211488
0.504406479861
0.296269976191
0.237961539631
0.761339452898
0.426382859879
0.70624208526
0.40000677265
0.0438618702064
0.663110269042
0.583904781154
0.535436266789
0.957474571582
0.925921028397
0.93825502779
0.296240912407
0.333150227226
0.332733152106
44.5241545894
0.998046868427
0.993682840784
0.979675230509
0.934905817653
0.792357832986
0.339994640696
0.908747349775
0.392532331565
0.176467843892
0.526016080504
0.567885887578
0.673170601761
0.928050623193
0.509768323718
0.706154336047
0.649011103239
0.538677596244
0.390965649554
0.497695532367
0.467482348631
0.325634301309
0.74646467141
0.548079316265
0.570293856555
0.489049293768
0.801651054859
0.408462685236
0.235916619752
0.739335552629
0.312763737178
0.222562451473
0.520501075062
0.119944386699
0.0351566462923
0.131440397872
0.472232570601
0.650431842346
0.65249791908
0.0611009341917
0.494124335907
0.414837606888
0.0419066189961
0.517901253635
0.730247950017
45.6835748792
0.720376417804
0.750026957907
0.0167739880341
0.350401309929
0.951441966856
0.555040010946
0.767262366451
0.608214100608
0.743923307238
0.989612938779
0.242367867946
0.547690761967
0.104833759876
0.699785703616
0.255210381572
0.23319095895
0.102252319963
0.514795290053
0.168500859826
0.377847550127
0.750577562333
0.102837422439
0.861826476531
0.24542205558
0.716094047592
0.0877657845047
0.0817482811736
0.700597626912
0.467851229671
0.501728737468
0.799711358598
0.282709514373
0.498854861335
0.448743538651
0.202767480714
0.177913037668
0.242570899993
0.854208061359
0.942110267391
0.964789053358
0.309741914866
0.175350011864
0.26442283822
0.00838692253802
53.0265700483
0.67051599249
0.947613650858
0.651037973155
0.377704983267
0.406888142862
0.0419840081768
0.589910764956
0.161608514908
0.660454206907
0.508248606441
0.105403777721
0.0581852100098
0.400477260982
0.879196675392
0.670884703097
0.112538141711
0.637266524865
0.810755872968
0.129136514438
0.478016232803
0.705868766469
0.933066503996
0.245580126167
0.0758822239317
0.245072208912
0.787493238085
0.519309547479
0.0284181437572
0.496722937301
0.724574329165
0.876939539694
0.740468276505
0.550353803433
0.63790833371
0.874265772186
0.504419630136
0.158125833208
0.408978329675
0.0307374787644
0.503619907166
0.745082133292
0.937913635667
0.921742615205
0.0892329714629
49.7898550725
0.239714295237
0.635189028253
0.653705511978
0.205531818411
0.349841304734
0.249261462698
0.346997034414
0.83862904261
0.908800945527
0.905144290907
0.251657236937
0.363644806353
0.916953706095
0.228918978573
0.120930519471
0.66531231049
0.903499186878
0.433184327271
0.467613284204
0.907020760609
0.233605005409
0.238443189865
0.328214090919
0.823295837142
0.985848204174
0.505426691588
0.159926314439
0.41071766399
0.0249691535822
0.453355947231
0.49541330032
0.892276277668
0.894937963129
0.339141280996
0.980406020707
0.830164594453
0.157333382005
0.472518944842
0.419113230599
0.262008880839
0.800034210882
0.442125336915
0.452444125619
0.735536722304
45.6352657005
0.341223203252
0.427508720839
0.494043496176
0.116682489916
0.253703475569
0.472078444165
0.549139384873
0.0461303121601
0.334527411171
0.59199165717
0.541203242484
0.919294541616
0.644938067334
0.595977531526
0.771422584394
0.264737723039
0.645623081165
0.491098979225
0.135986146108
0.396026065271
0.152281076245
0.349451871267
0.726181541404
0.212022406602
0.736500569458
0.5108017565
0.436305415531
0.0206166855145
0.196951374959
0.996158080121
0.204386104448
0.260893908903
0.725888513794
0.00728590181398
0.510718789628
0.998739620617
0.395968616638
0.387155117161
0.759213154052
0.070882869448
0.59237883311
0.916327172803
0.166553538827
0.752376681039
52.6400966184
0.0152782355498
0.320279286841
0.784171600684
0.822516022124
0.877551727825
0.862666169072
0.278031465247
0.904193272722
0.922876448286
0.399519236458
0.0912273866501
0.951691193433
0.889100679098
0.769383335338
0.614393901799
0.761913394404
0.0419352506461
0.394390957127
0.988928486536
0.384052304244
0.403957449532
0.967273959824
0.168026712327
0.30269463885
0.303927422161
0.0993127837256
0.860529904143
0.269364369679
0.871417083672
0.804223174096
0.982585293181
0.65750319305
0.101751521737
0.69298039545
0.242118675827
0.215888497974
0.116262905813
0.754580953936
0.481119570055
0.0954888365626
0.242856890529
0.597741814111
0.400738869494
0.0247568911975
51.190821256
0.541891523395
0.0285371183536
0.294199001631
0.508359944192
0.402368650472
0.838972406343
0.412516583393
0.924347845753
0.833437823569
0.681496331284
0.588037577235
0.394758483092
0.0762127046788
0.904449881894
0.740784947601
0.304660750213
0.160899974938
0.223453098535
0.89261881718
0.34463501503
0.0342407380372
0.10372929419
0.314209122806
0.951691089125
0.882264428671
0.728366771548
0.429820772904
0.0236236951411
0.273355216366
0.427518041515
0.104911301794
0.781805438778
0.746630915283
0.443536543936
0.941541028132
0.657417272955
0.470634386603
0.90705086468
0.206595708236
0.0761164701858
0.597337447819
0.898976454417
0.0178216961286
0.0161420903235
55.2004830918
0.936457277197
0.473464848203
0.412673596929
0.214857948567
0.575085320282
0.516790384174
0.924974423749
0.898733084927
0.0676286970544
0.317174421289
0.294388253829
0.911759732202
0.821064107925
0.720547059383
0.933705386626
0.117308785722
0.300504238003
0.747246356524
0.778939996702
0.948422772736
0.680076666923
0.544655048979
0.147240292807
0.981546318098
0.564115271671
0.550774769619
0.227611173504
0.408694116102
0.403664135075
0.743737766361
0.829449382487
0.283056398505
0.23329395112
0.852256121
0.0138911646848
0.413041902411
0.353230931476
0.402008467986
0.232972425039
0.779758339604
0.581798211446
0.472964213891
0.601601381569
0.35293036481
46.3599033816
0.703169756394
0.0426452546557
0.927343723281
0.180255045723
0.735436768109
0.790325196321
0.123020265768
0.625194830612
0.643986590938
0.237166070943
0.627117109278
0.62820801677
0.125194117944
0.0972925587959
0.45700829169
0.866416720566
0.085425697768
0.714803704821
0.519990947778
0.686712344926
0.440355539969
0.461722137131
0.80713296389
0.687298549157
0.859594621585
0.971880787919
0.0949331340772
0.822671716907
0.0816320930945
0.0857471092958
0.779793818338
0.907038925124
0.424089186534
0.381184795563
0.470306095396
0.391173412719
0.11428561858
0.165152998244
0.962347422658
0.287707550104
0.0651184995928
0.801343047857
0.221991789153
0.119863306687
56.3599033816
0.721253738571
0.24875267
0.00123237492568
0.768620220796
0.600629948793
0.686197707247
0.71151670517
0.0933208666196
0.156274855667
0.0977613344261
0.180094305966
0.200713825961
0.583434202484
0.694180780843
0.91417686353
0.237434154009
0.197013155173
0.0451715453714
0.497910876498
0.580921349821
0.00433021085516
0.797689119218
0.747162815958
0.303774824026
0.0981836026008
0.855128200612
0.247116778614
0.786546869063
0.495230206027
0.892459416665
0.897684645744
0.353973125719
0.0446769450976
0.0823035403495
0.0917287362187
0.80964055458
0.0322846998594
0.906943211241
0.151096966646
0.74409290201
0.104684711012
0.931272150867
0.64547050445
0.491373670956
57.1328502415
0.139007486926
0.411681884604
0.219023924877
0.609006589064
0.68282421008
0.615885959727
0.549897868879
0.756413576971
0.589400642329
0.728681662886
0.067484196769
0.846770217526
0.473263532584
0.218649239835
0.052523646991
0.347298724255
0.611079522195
0.54078861488
0.745015990762
0.602998411066
0.912846551188
0.0500936075321
0.0849426878036
0.0588136590329
0.588397764378
0.00106365373402
0.710802045479
0.255239387614
0.13421791844
0.508153022942
0.840956871279
0.472364021195
0.265572287718
0.342157536793
0.662794631714
0.897349959144
0.418948069853
0.4375387893
0.854700107946
0.190351543561
0.449808292742
0.985685864405
0.865840551335
0.32387053002
52.6400966184
0.150658220581
0.989114554542
0.578763340373
0.570549053841
0.214424260515
0.15160408017
0.97980613721
0.514400100082
0.26814536808
0.979271309389
0.462319542379
0.960475472664
0.601976954161
0.967582473465
0.387702253342
0.617971261753
0.218507290442
0.749302388944
0.529248718856
0.431770814295
0.827386417302
0.078381174742
0.0238092956231
0.437425201474
0.410267547408
0.524778472011
0.456262905805
0.0145711875581
0.981060975171
0.755225160937
0.701802191149
0.413786699701
0.166500479517
0.274922581037
0.151031170568
0.4318837949
0.232022233869
0.505179250356
0.942875397315
0.110639130277
0.177956209126
0.0719850822649
0.830304612283
0.333961931661
51.577294686
0.531030081897
0.180523106437
0.303867903198
0.198499461252
0.456185639559
0.950618686081
0.598041360048
0.0326799876192
0.813707687762
0.58812623635
0.205388229891
0.939193254259
0.786665455297
0.267253445106
0.523531575438
0.735908446672
0.703666501503
0.598822990214
0.259939428992
0.170229663677
0.681923121961
0.559471757848
0.219522450676
0.281888885074
0.715631254778
0.75678756259
0.100044083357
0.789176439727
0.834661886906
0.905383365137
0.920343209904
0.373608974429
0.958564960328
0.388908991285
0.706369307649
0.738034924331
0.0708857779684
0.783000351719
0.0600301069455
0.313177479095
0.338793911645
0.214166158433
0.235851746616
0.487615054209
51.8671497585
0.803024605714
0.429612146402
0.350451429054
0.236199257527
0.263132684507
0.45300278971
0.349822577699
0.0219103596264
0.983058960117
0.701160522002
0.359432493019
0.846150262165
0.842009135404
0.436702454177
0.0421325084927
0.322472965012
0.555645213226
0.431614594247
0.588880647683
0.64875253829
0.592589401419
0.716763565147
0.967276778937
0.352788587712
0.411240518729
0.292345823375
0.0529102725195
0.68634922598
0.641902901963
0.6742743792
0.268520158361
0.542651539427
0.839227811314
0.151503013044
0.355967779325
0.772279558556
0.429967337
0.629287997055
0.906021949744
0.77253972538
0.481040806243
0.933387311095
0.270956609976
0.225253862887
44.1859903382
0.91291368837
0.450197362993
0.484960985105
0.85798964452
0.783289001181
0.977827208055
0.817362238525
0.103728560308
0.266111218015
0.663110265316
0.583660629353
0.53397138951
0.950882674122
0.899553539137
0.839377169378
0.940281165686
0.0872924705396
0.0612243353642
0.581713777741
0.939263647344
0.400157884394
0.947574483156
0.0840259385642
0.975985286695
0.0996782710256
0.814202049618
0.988107857237
0.600828697687
0.712001473471
0.864550562467
0.779290114386
0.894785625764
0.355102725939
0.0775457262382
0.269349825214
0.918187415141
0.0849760626794
0.246169643113
0.712233294561
0.0578729785286
0.937138223011
0.101972529241
0.177591171655
0.147794266758
54.1376811594
0.28844505607
0.400521935595
0.807126109356
0.238059235369
0.16422043049
0.842789465444
0.578752917011
0.887412315135
0.115697637714
0.707474993368
0.203571219547
0.854152379444
0.292773299506
0.0692683845113
0.780650612755
0.0604882142756
0.337073773751
0.47804871361
0.834628318315
0.705331487407
0.720334061253
0.974020982098
0.36111934172
0.400527214331
0.15308921092
0.313790337778
0.504939128388
0.205521730325
0.688678228115
0.282373794937
0.49613871865
0.435468157467
0.147560477783
0.966149451144
0.468852405164
0.117769373164
0.486944594156
0.861743206048
0.787957888888
0.972058480541
0.740729884085
0.695852981702
0.508548934688
0.788616774464
46.7946859903
0.154760234587
0.831010440242
0.593220528926
0.0802292130287
0.142390519905
0.132280202171
0.512166534296
0.882477385822
0.685365506265
0.169896566845
0.85108984716
0.577469980117
0.805011258327
0.632837729324
0.551925052651
0.616010753227
0.728739046327
0.828337499748
0.411373582373
0.0132039985674
0.376861751701
0.142334522273
0.462251369567
0.492497516534
0.794722773928
0.335858994768
0.862649005728
0.153163080633
0.155137435131
0.552356885509
0.917904396455
0.536214409152
0.956146889295
0.910951653406
0.860387918429
0.963762631572
0.039084524398
0.560643465955
0.0121000749109
0.0268092579319
0.0519548733933
0.0704459189728
0.95508165371
0.0964766494397
52.0603864734
0.983125016965
0.0304602547674
0.334636379637
0.733675984503
0.390328489871
0.738887080762
0.920366075736
0.87221272838
0.949981690311
0.849975587685
0.550018314965
0.650329602685
0.951812782252
0.85791026976
0.581146579941
0.765687053874
0.363803104182
0.291635142294
0.475582916952
0.228781221063
0.092441075054
0.49561546158
0.14172309317
0.389799406447
0.0632885997445
0.871536942093
0.659624253206
0.113913042052
0.746859975933
0.455942475891
0.013915073598
0.980008160634
0.75481329936
0.708806352517
0.459518422097
0.37785336158
0.131454371436
0.388045975633
0.145186510463
0.378705283318
0.965553105742
0.384971083766
0.619848553813
0.254351568979
50.0797101449
0.947472431622
0.395670467685
0.8467709244
0.519591336819
0.496609703377
0.303336189719
0.350529809161
0.373153147907
0.0841506054041
0.146525302497
0.121796366343
0.412050476002
0.376135558511
0.548359067871
0.904934381043
0.494374675415
0.82183862558
0.48165967475
0.493410420342
0.625525450127
0.312458918093
0.245024459072
0.658016492419
0.742878822451
0.535124503763
0.52483762217
0.332905199982
0.273892601599
0.647208810585
0.418219448706
0.684437398616
0.342649353344
0.895959534587
0.291913026599
0.687842351203
0.499836867416
0.808440045322
0.352108465187
0.836690385706
0.851166127135
0.576783292699
0.800204614042
0.610178050371
0.459226777501
42.3502415459
0.263758212903
0.449508281145
0.323225770745
0.893780095406
0.453648634908
0.67787095327
0.984388005861
0.805489456148
0.973444686208
0.591263012739
0.786575903044
0.398088304025
0.309346698818
0.273285457512
0.855592456534
0.673985620773
0.343581617486
0.995619120022
0.88148016193
0.328308893038
0.0365319033304
0.264411383883
0.257681172913
0.166384582942
0.67917694226
0.577600406256
0.353009958432
0.91965609594
0.340846948932
0.768176833019
0.541438457314
0.335039248363
0.137289375589
0.808383019509
0.614693735514
0.412715239155
0.944047816953
0.94984974891
0.202668142123
0.667361115847
0.180153415147
0.0746704503271
0.826641966464
0.287817744191
48.1956521739
