30
22
0.368423589192
0.113602065994
0.365800094476
0.1723819725
0.742090985951
0.901108162384
0.727830101571
0.25700714962
0.99157198606
0.636367568543
0.894057539195
0.637037118694
0.775704861473
0.920895101417
0.54402685607
0.976105226141
0.96038965222
0.977390879703
0.220838409474
0.52851254282
0.18352957124
0.344564543714
55.5640732265
0.41562112112
0.39264583371
0.615284913008
0.157896974655
0.409817632923
0.037833025229
0.538639456722
0.891339512444
0.50028196417
0.979636175497
0.375279375041
0.434950673667
0.232189667041
0.478581940487
0.781784639551
0.383470372921
0.264760483631
0.137329546326
0.441132926099
0.410831639247
0.494793501421
0.271276255716
52.9324942792
0.174516022743
0.605609835841
0.0630148095339
0.92760033711
0.998468735202
0.642409378462
0.868237656434
0.427741532856
0.752310291709
0.664187954547
0.214335103142
0.308319029991
0.920898252081
0.750518241741
0.215025183368
0.535486927011
0.277694911345
0.846787126619
0.581468556782
0.867727203187
0.973146208498
0.0293324231291
56.8798627002
0.417678666008
0.242080187059
0.693373129524
0.981517093196
0.648744393874
0.0588125265446
0.514175616883
0.555740961569
0.706865218294
0.239522656059
0.075348973771
0.29638993892
0.100198869169
0.933683765972
0.700312771658
0.798722738264
0.48952148549
0.748624270625
0.0860522543435
0.778695093324
0.897700269612
0.377945778582
56.4221967963
0.188372247464
0.728721478789
0.676978644729
0.503378560509
0.927463562145
0.0343743278787
0.859073911683
0.845074517536
0.338781901309
0.427020752513
0.513087403707
0.235337650035
0.7942392685
0.647396759863
0.736227144326
0.590792028012
0.918707870792
0.195118972647
0.902343002055
0.657987257272
0.826836527201
0.0391338481729
52.4748283753
0.793274347532
0.407441449985
0.305179574187
0.164104396079
0.238010209618
0.951121693404
0.564638272627
0.8277343976
0.884661932375
0.858362017088
0.188214712388
0.404030123427
0.730248329065
0.745218863553
0.899078220966
0.687499554646
0.0332933408346
0.0122640556706
0.773944266926
0.533289098867
0.234236192521
0.605815266975
53.790617849
0.526765868751
0.708257810971
0.508654047479
0.677603987791
0.487737499844
0.827989110599
0.578297164996
0.0178809962309
0.902611494903
0.254740001273
0.404936556406
0.136959326976
0.17732695544
0.831327790272
0.392024141433
0.870194738624
0.692951158441
0.325954304677
0.719165404158
0.381403682445
0.81593345931
0.462967613437
55.5640732265
0.434404548903
0.439718773304
0.728671700529
0.414561243433
0.929322157904
0.844881756114
0.705391117197
0.628410899805
0.421945345297
0.875973975182
0.458335743009
0.866248683896
0.0724704158792
0.638584343514
0.179272316936
0.328374812049
0.356798019873
0.185414811207
0.901306689623
0.739106835637
0.322880808863
0.28532333451
52.9324942792
0.806012728119
0.268166357296
0.354883593188
0.715804343873
0.100873724133
0.163003252421
0.0701559973239
0.953906712982
0.0920362999111
0.967057386347
0.974017617229
0.140589227492
0.0773768131941
0.198957832147
0.497355674133
0.193513555066
0.684880264852
0.367659592687
0.0420351741078
0.943274712114
0.281331703649
0.198517815758
70.7814645309
0.659121562533
0.168069032556
0.0763201346005
0.945299515425
0.984915879496
0.401799639387
0.546554923749
0.663132788422
0.0598024172024
0.390619409898
0.805494704151
0.317393535414
0.654908877602
0.0729114464785
0.543288782929
0.603529678441
0.731579025112
0.95770704553
0.162031047579
0.352822879009
0.658657845847
0.776541164
61.2276887872
0.731326372199
0.399087758434
0.812589202877
0.283745390946
0.389169522256
0.781308615437
0.185325991905
0.0801784149702
0.813136563506
0.157213644655
0.625052799263
0.335393992857
0.386888765424
0.302786657246
0.334721055486
0.283246418112
0.68698901013
0.572716297353
0.253396694187
0.365933490603
0.915030696341
0.1967827618
56.4221967963
0.945420307032
0.90147698475
0.900079146865
0.287182019676
0.622379799165
0.149640617488
0.296425514511
0.431787529673
0.922895547849
0.651285519627
0.601653189181
0.748349459685
0.075218055894
0.716163201088
0.620016702241
0.274631404897
0.067638110863
0.934146022344
0.996133134646
0.569484608017
0.451709438768
0.584895161688
54.2482837529
0.443986021631
0.399859675837
0.403283861167
0.820966085292
0.296241760842
0.388755799897
0.66635895222
0.499351514244
0.998878517135
0.499107474202
0.00473819347294
0.536461895088
0.17612762803
0.228608714045
0.786503632412
0.661543367238
0.890727513372
0.390474775502
0.32630103514
0.443533232153
0.724490077068
0.355141373032
53.3901601831
0.610437546643
0.466352922569
0.304179616864
0.627901399302
0.029791843624
0.527638470506
0.897704229595
0.637479143015
0.745536793797
0.735908476474
0.705619715911
0.61054200844
0.312674608676
0.381169577752
0.472945988839
0.407149733678
0.186384503341
0.453959418182
0.0462959786137
0.192141109691
0.736182850624
0.687827115697
55.1064073227
0.501317039805
0.817458199209
0.392895837011
0.000251231249526
0.46544485605
0.790408054227
0.553444620916
0.206995239101
0.260969848014
0.702861936587
0.868442986985
0.884900493447
0.493416079058
0.996392035803
0.53760750288
0.258116697533
0.710232660933
0.938345687386
0.237980176327
0.982769874796
0.754797660592
0.683857092451
51.2162471396
0.309963610617
0.705067833711
0.440734506301
0.298796536059
0.826168660881
0.267843139934
0.171540894151
0.618657106323
0.168074589758
0.4405335837
0.130530193968
0.818378912157
0.735501725996
0.0476001477997
0.666085355724
0.568110802911
0.413896617185
0.370382478148
0.49722531505
0.64990958738
0.424429689244
0.697391850696
57.73798627
0.364483900984
0.910376751706
0.181905400549
0.898041641245
0.751101241291
0.424232678197
0.785484899625
0.894815293976
0.299527668052
0.743828365421
0.767221179642
0.908871790304
0.548240125871
0.109594644558
0.723406736572
0.354088617169
0.613871075932
0.496428901069
0.453733724264
0.254542236787
0.443649903589
0.371019290448
54.7059496568
0.233266611214
0.0604260540817
0.263156824388
0.0351064591813
0.842227336833
0.737405886712
0.844389290432
0.429682763005
0.978592966622
0.00441293185759
0.219140895267
0.275128984472
0.678505849839
0.594874238375
0.46269278294
0.422288553498
0.369496275358
0.416380671491
0.172817551137
0.289479264643
0.181517627631
0.483792384821
59.9118993135
0.269095659833
0.260442496851
0.140794043022
0.5007817873
0.737544336195
0.918229931879
0.871480566344
0.964814012803
0.945558980963
0.990027772206
0.430135805803
0.670564887856
0.152167074911
0.877918461234
0.898007091971
0.486776401955
0.838594586469
0.650579901215
0.356128130721
0.281549675041
0.484144874583
0.37092217213
54.7059496568
0.868229162772
0.871075427054
0.412390098612
0.634661750664
0.0964596164811
0.866801945385
0.332675122328
0.194833227979
0.174923267753
0.296040555119
0.201933920932
0.547238530351
0.466025893303
0.871008587895
0.0318184872289
0.351833635621
0.824635428251
0.781309848508
0.266140238026
0.56505279406
0.995054622126
0.884852586214
56.4221967963
0.353623919801
0.158070245357
0.765806195177
0.172204961606
0.140974015521
0.29599943909
0.507230494846
0.379388017271
0.711253651246
0.853029752037
0.716895651834
0.624106144325
0.292576000681
0.138500706816
0.197820235591
0.94041505262
0.86210819416
0.708913693032
0.494508412405
0.586827238798
0.0703877215564
0.140881182218
64.2597254005
0.211797599303
0.00285495584949
0.1109513422
0.640013450555
0.841518622705
0.288990681645
0.160276488002
0.360742794033
0.721968372185
0.0851250863986
0.013035171205
0.312085250056
0.755194959077
0.722402503547
0.537660390826
0.72433981469
0.507095371117
0.523513896141
0.577225037623
0.751725161293
0.315325629562
0.126427327801
63.4016018307
0.920633301985
0.385953860051
0.030023444922
0.706555930724
0.969124578805
0.455744096732
0.0123433736204
0.9723633732
0.723089874555
0.58726889059
0.0158044737829
0.809406829866
0.714200713501
0.000542813446597
0.575450462061
0.447817450108
0.50785054334
0.0167462094756
0.529822368859
0.0282183266361
0.400908642148
0.151486912339
60.3123569794
0.300743695938
0.441079964578
0.939786524434
0.668999464993
0.555918072114
0.314513248987
0.883816846546
0.472281837565
0.879339408958
0.025499915249
0.238944814173
0.204169647387
0.0745145571726
0.60956051738
0.986732088902
0.434347876993
0.725498464724
0.443859895409
0.133673191591
0.80730009252
0.640741829559
0.578750146326
54.2482837529
0.705824413163
0.0261951624524
0.804751259141
0.592751091125
0.31374521613
0.547711478307
0.462561924667
0.845968244481
0.912752144881
0.862798670197
0.962022718905
0.00694828247938
0.383485228447
0.238376827543
0.978893910473
0.727972013711
0.55778689007
0.794973218676
0.749757301838
0.343784844179
0.314893350601
0.795296506819
53.3901601831
0.937738885093
0.468764750015
0.372938536727
0.0187484710555
0.75604399744
0.367527743488
0.400770486032
0.0968732252186
0.974304978672
0.973970843416
0.0750802536805
0.684743935059
0.432741325993
0.433752542075
0.707843319339
0.343287037362
0.689132352178
0.0452107764036
0.0690734912927
0.00754396012364
0.423602339521
0.473718395187
58.1384439359
0.0298893158447
0.915870340453
0.226218198054
0.114476127132
0.650892981131
0.875072741777
0.392399620892
0.478743051842
0.340861723433
0.73648287526
0.351141740247
0.478504566208
0.710751735433
0.957969317143
0.35105028437
0.48457785483
0.748014570057
0.126886726875
0.0291892332145
0.0331548578243
0.936226048428
0.318962568083
52.0171624714
0.48774097554
0.0557827404931
0.94502766516
0.168121324456
0.503478963602
0.507781861094
0.515380494975
0.52224622083
0.495052871033
0.270101239551
0.165131599245
0.559878440339
0.873086248419
0.199611527462
0.339892931889
0.242853844173
0.398086678867
0.202835475644
0.634232745302
0.979877190603
0.171168435901
0.208115903281
58.5961098398
0.708179496987
0.376033851566
0.882587638582
0.911221166983
0.524038255897
0.943239035009
0.943089906981
0.169388128049
0.528519608764
0.646624499733
0.123070519934
0.918802624482
0.405181065835
0.161862777147
0.32454707161
0.490517435332
0.0221809675077
0.71842888912
0.110944625502
0.199807753403
0.200344890904
0.40379956521
62.085812357
0.61969337312
0.0839641518306
0.92654455538
0.803589964152
0.482638788143
0.663523053559
0.637389228477
0.852627890071
0.379264284548
0.601934699125
0.198229633819
0.771965512859
0.847726371955
0.138668616825
0.202474356247
0.966828586467
0.978702311342
0.170756591089
0.216218747754
0.760503167135
0.617050272202
0.857773130648
55.1064073227
